947 913
951 913
955 921
958 920
964 919
945 916
934 916
935 908
938 905
932 918
931 923
932 929
927 928
921 933
928 937
930 943
933 948
940 947
944 952
947 952
952 942
958 947
965 953
968 960
972 946
978 947
989 947
991 948
993 943
998 941
1002 938
1003 933
997 929
999 921
1002 922
1002 918
992 906
992 928
989 925
980 924
1010 929
1012 931
1016 934
1018 929
1015 921
1015 916
1010 905
1023 928
1023 934
1023 940
1023 942
1018 944
1015 946
985 936
1000 955
997 961
987 962
986 959
985 958
999 965
1001 967
1011 962
1013 962
998 972
996 971
1000 977
1001 978
1012 976
1022 971
944 954
946 957
943 968
943 969
946 973
952 983
954 984
952 986
948 985
952 987
963 986
961 991
956 998
944 999
945 1007
941 997
933 1002
932 1004
930 1006
925 1001
924 995
922 991
920 992
913 991
913 994
909 998
906 1002
905 1010
900 1008
893 1008
893 1007
886 999
879 1002
892 992
896 994
891 982
896 978
902 979
904 978
900 971
903 969
909 966
915 971
910 961
916 958
919 956
921 958
890 1017
889 1021
887 1020
877 1017
893 1021
931 994
921 1001
916 1001
921 1006
923 1009
916 1020
964 1001
967 1004
959 1014
957 1017
954 1017
954 1021
954 1023
968 1019
970 1018
977 1017
981 1011
990 1021
995 1017
1014 1019
1017 1022
1016 1009
1016 1003
1018 1001
991 1023
974 989
980 989
992 997
976 983
976 980
974 973
969 974
968 972
977 996
940 976
929 977
930 968
928 980
915 930
911 928
910 921
914 919
911 914
911 913
914 912
918 911
908 921
904 933
899 941
891 934
890 935
887 940
878 931
871 929
861 932
852 925
843 929
843 934
846 939
840 937
842 929
834 927
840 918
843 916
853 910
840 913
833 910
831 907
818 907
814 907
806 907
833 905
843 902
829 898
835 892
834 886
841 886
844 880
849 873
859 877
871 867
850 865
847 863
861 853
873 937
892 927
895 925
894 915
898 909
899 902
891 901
885 906
884 911
877 914
867 911
870 904
870 899
876 895
877 893
881 888
883 887
893 888
899 878
905 880
896 873
890 868
948 910
949 906
950 905
954 904
953 899
947 897
948 888
947 886
945 882
955 890
954 883
954 872
947 868
951 860
957 859
964 852
967 853
973 850
973 846
970 844
967 841
974 844
979 843
983 843
984 842
981 839
983 834
976 829
980 823
982 824
971 831
968 825
960 826
967 816
967 815
989 831
990 833
993 831
995 834
1005 834
1014 831
1013 825
1019 824
1021 811
1004 822
998 821
992 815
1000 810
993 803
996 799
1009 794
1021 794
990 802
986 797
976 795
974 789
969 790
967 788
964 780
968 777
957 780
954 782
957 774
951 773
949 777
945 770
937 769
936 762
937 761
937 756
928 763
963 791
974 787
978 779
976 769
973 761
967 760
964 759
960 757
964 753
957 749
953 746
952 750
947 753
971 744
976 734
976 732
983 732
984 729
989 721
997 723
1000 712
1004 713
1007 704
1001 696
995 685
989 689
991 680
1001 677
1005 672
1013 681
1014 682
1017 689
1022 692
1023 692
1016 695
1022 685
1004 670
994 669
990 659
999 656
999 651
1004 653
1007 656
1009 653
1011 650
1010 638
1007 632
1011 621
1013 620
1014 618
1017 608
1023 603
1019 628
1010 619
1004 619
998 620
991 612
992 611
998 606
998 599
1008 598
1010 591
1017 587
1018 586
1009 589
1008 586
1002 585
999 587
990 587
994 579
992 576
995 571
996 571
999 573
1007 573
1014 568
1020 568
1023 558
1022 552
1021 551
1023 540
1015 557
1014 555
1010 554
1009 551
1002 545
1011 539
997 549
994 544
981 543
980 537
976 537
973 533
969 527
977 520
978 532
988 527
991 523
993 527
998 529
1010 526
1019 524
1021 519
1023 515
1022 505
1022 504
1013 508
1007 498
1014 495
1002 501
999 501
993 497
994 493
994 492
990 490
993 484
989 492
979 489
972 492
962 487
953 486
952 479
956 479
958 474
964 473
969 469
977 477
970 462
975 464
976 456
973 450
971 444
965 445
973 438
975 438
981 439
964 435
962 434
962 427
960 426
961 419
956 412
964 409
963 406
962 395
959 386
965 394
967 393
970 393
975 400
986 395
987 392
983 388
986 385
988 381
997 382
1001 374
1004 368
997 361
1011 364
1019 371
1016 377
1012 381
1008 382
1018 382
1021 371
1022 367
1022 357
981 385
996 391
999 393
998 397
999 399
996 403
1000 411
995 414
987 412
986 414
983 416
1000 421
998 426
1004 433
1009 437
1016 432
1022 441
1023 452
1023 422
1010 425
1006 443
1002 446
999 447
1008 456
1006 466
1000 463
1005 470
1011 472
1019 474
1023 483
1006 478
1009 396
1020 401
970 411
971 419
951 410
950 404
957 435
953 430
952 437
955 441
980 456
985 458
961 459
953 453
946 459
944 458
936 448
934 437
932 437
926 437
928 430
924 427
922 423
916 418
913 420
926 418
919 426
917 442
910 449
914 455
925 461
947 465
942 490
983 504
977 504
998 505
1009 522
1004 518
1007 555
1016 576
997 568
992 560
980 570
973 570
962 564
965 556
1003 607
992 603
981 603
976 593
965 599
954 604
964 589
964 582
954 591
953 586
949 582
945 583
942 589
1003 633
1017 661
1021 659
1022 662
989 659
987 655
977 655
973 655
972 674
974 651
970 653
958 651
953 661
966 641
1008 718
1016 727
987 707
971 724
969 716
978 719
964 735
962 735
967 764
981 768
986 770
993 774
998 769
1006 762
1017 759
1018 763
1023 774
1018 751
1020 747
1011 748
1003 775
995 759
986 756
981 750
991 748
994 749
994 778
988 767
973 804
991 840
991 852
992 859
987 861
983 867
975 878
972 877
970 882
968 883
971 887
970 895
974 898
982 890
986 857
1000 851
1005 854
1001 860
1007 856
1019 859
1022 871
1018 880
1017 882
1015 880
1010 879
1001 880
1000 886
1017 886
1021 888
1023 853
1000 848
1005 848
954 854
951 851
945 849
945 839
947 834
944 825
946 823
943 818
942 818
938 813
945 808
944 798
940 796
935 802
931 797
925 793
919 798
926 803
934 787
938 780
956 803
932 815
924 822
922 828
920 830
910 833
909 837
910 839
902 845
896 841
893 847
894 855
882 850
879 844
878 842
879 851
903 850
914 851
921 850
924 852
922 846
905 858
902 831
895 830
891 828
887 825
879 823
877 827
879 818
882 813
883 811
873 817
864 825
865 834
856 831
853 833
852 836
846 837
844 834
838 825
835 819
835 840
835 844
839 850
823 844
850 831
869 811
873 809
872 807
872 798
869 795
867 793
862 791
860 785
853 781
854 778
851 774
850 772
851 768
847 762
843 762
841 759
841 769
838 770
829 776
822 776
822 769
825 765
827 762
819 779
817 781
817 784
812 785
823 782
815 775
815 773
809 765
808 764
799 765
794 759
803 772
795 775
791 775
785 777
778 776
776 774
768 782
766 788
764 790
765 779
763 777
759 775
758 775
754 777
753 777
749 781
745 781
744 777
747 774
745 768
740 761
736 752
734 753
732 747
739 739
742 734
741 732
740 728
732 731
730 725
725 733
723 739
739 726
752 731
754 734
754 746
753 746
724 757
720 754
713 753
713 752
710 748
709 737
713 733
700 736
702 730
694 724
691 716
699 715
704 715
711 720
706 711
707 704
698 705
688 702
681 709
686 699
704 693
703 689
693 684
689 681
681 687
680 687
684 722
678 725
677 731
676 725
669 722
663 722
660 724
657 722
653 717
664 726
661 730
653 730
651 729
638 730
652 738
653 741
660 742
659 746
663 753
659 759
651 754
649 759
644 751
639 746
635 743
628 741
615 741
615 736
611 725
622 724
606 726
599 732
593 738
589 734
589 730
591 723
598 719
602 717
590 722
608 744
603 748
609 759
610 759
661 762
665 761
661 763
658 772
648 778
648 788
652 789
663 788
654 797
646 799
650 806
650 807
648 807
647 788
646 789
639 790
635 796
630 791
669 713
665 712
664 710
662 704
661 693
659 682
652 674
667 678
665 673
665 669
663 663
671 660
667 653
676 649
673 645
674 664
691 738
687 746
691 753
684 755
683 755
680 755
681 764
678 768
675 764
678 779
676 786
675 790
679 790
688 791
690 786
687 781
697 780
699 780
700 780
703 789
702 791
700 796
701 802
705 777
705 772
696 769
715 779
718 788
716 794
720 794
722 794
725 796
678 746
677 745
702 757
744 758
741 773
755 785
753 789
751 790
753 792
748 794
741 798
741 804
743 805
738 790
738 786
736 784
760 773
776 766
769 766
768 756
775 752
780 742
782 734
775 729
768 722
763 714
773 712
775 711
783 708
786 704
792 698
784 694
779 695
799 693
795 688
799 676
785 677
786 670
775 669
766 663
803 673
803 692
809 686
821 685
829 685
833 685
835 688
829 693
824 702
824 705
816 709
810 715
804 712
811 726
802 727
799 732
828 706
830 713
836 719
842 724
844 732
843 740
841 742
837 737
833 730
852 724
854 730
860 725
856 737
827 718
840 691
846 702
849 706
852 709
834 684
833 678
831 672
834 664
836 664
839 665
841 665
842 670
843 671
844 672
843 679
847 679
856 688
860 687
868 684
867 682
861 689
844 661
857 658
865 666
819 670
816 664
814 660
822 657
828 648
833 651
836 647
835 641
841 642
845 640
839 630
828 645
823 642
821 644
818 640
820 635
803 656
792 653
787 648
782 653
775 639
768 637
775 705
766 699
766 691
768 691
762 689
755 694
747 695
744 693
737 698
731 700
723 703
726 711
736 715
743 713
743 708
751 709
748 719
720 698
718 688
746 690
740 685
740 683
729 683
728 676
722 671
728 662
726 653
724 653
733 651
737 655
744 652
751 652
747 644
737 642
735 666
719 670
711 676
701 674
696 670
715 664
707 660
707 652
712 647
718 643
709 643
702 640
700 635
699 624
706 625
710 617
715 621
723 616
727 624
732 624
732 629
734 629
743 625
748 625
756 625
764 620
727 615
710 611
708 606
718 601
710 595
701 596
700 592
715 590
713 579
722 578
726 576
721 574
713 565
709 565
710 560
711 555
705 544
703 561
694 561
691 557
692 546
686 544
687 540
689 533
694 537
691 525
684 517
679 517
679 513
684 509
690 509
692 508
695 506
702 502
701 495
708 493
715 496
721 494
722 490
722 497
721 499
708 485
713 477
704 471
703 465
721 477
725 470
733 471
726 467
727 461
717 459
714 454
714 444
706 446
704 437
705 435
717 438
724 440
723 433
727 428
721 426
720 420
715 419
713 421
710 419
708 419
701 415
692 412
685 412
686 419
688 420
689 426
696 424
697 425
701 426
680 432
701 407
703 406
704 404
721 413
718 412
719 408
721 401
725 398
723 396
729 390
736 383
745 380
750 381
755 381
756 382
760 387
755 389
753 391
764 377
774 377
785 378
785 381
775 370
776 365
784 360
783 356
782 354
790 352
794 347
795 343
789 341
796 343
771 362
764 359
773 358
773 349
767 346
759 342
752 349
745 350
739 349
734 345
738 335
746 334
744 322
743 320
743 314
737 316
729 320
725 326
722 322
743 306
744 296
749 297
747 339
731 352
732 360
720 362
717 363
718 366
711 370
754 355
778 344
773 337
768 327
765 324
770 321
780 322
784 325
781 314
790 314
776 307
763 306
757 311
783 302
785 298
798 297
798 296
800 293
779 296
777 293
776 294
779 327
763 371
763 370
758 369
745 378
744 375
745 368
735 378
736 394
739 395
718 391
716 394
713 405
729 416
732 413
739 412
740 408
741 406
740 405
742 414
747 419
754 423
755 425
765 420
771 416
772 408
767 401
774 395
759 408
758 409
773 427
782 430
791 430
773 436
767 443
761 442
760 446
761 451
769 458
771 455
772 454
768 461
772 464
777 472
771 477
775 486
775 460
754 438
751 445
753 450
745 438
745 410
729 426
740 428
734 460
743 466
749 463
754 471
746 476
748 483
756 489
759 486
747 493
740 499
734 498
734 502
738 511
733 515
739 519
734 525
734 527
726 530
723 533
723 540
718 543
730 536
722 528
732 517
733 496
735 485
764 497
759 501
762 508
763 514
759 522
757 521
770 510
776 516
777 521
784 524
783 532
790 530
795 526
793 524
795 518
792 512
786 510
783 510
793 505
801 501
812 496
815 489
820 485
817 481
819 475
811 482
804 486
828 484
835 487
838 489
844 489
845 493
840 498
848 504
854 500
856 499
864 497
862 505
862 506
866 512
861 517
856 514
857 521
848 531
868 490
873 497
874 498
872 504
880 508
884 510
890 512
895 515
901 515
904 505
909 501
909 492
910 485
910 477
914 477
919 474
921 481
920 488
927 486
925 499
904 489
892 519
895 522
903 525
908 528
909 529
912 527
918 523
916 520
919 511
925 515
929 529
933 531
929 534
934 538
931 544
940 547
944 545
945 546
947 546
949 548
948 550
946 549
944 553
939 564
946 565
936 569
935 569
925 573
925 562
921 561
920 558
915 551
913 550
913 552
912 550
910 551
956 543
961 539
958 534
953 531
950 516
957 504
944 535
894 526
892 528
897 538
895 540
890 544
886 546
881 548
874 545
869 542
866 540
862 537
864 532
872 528
873 528
878 529
874 533
881 496
869 484
871 480
876 475
879 477
880 482
887 486
867 472
873 466
880 462
887 468
896 466
881 461
885 456
885 445
887 440
896 441
895 431
895 430
891 424
895 422
892 419
893 417
902 412
905 407
896 403
895 400
892 388
892 385
887 382
885 387
883 392
875 394
868 391
887 381
886 378
888 375
894 366
889 361
888 361
886 353
883 353
894 358
902 381
915 384
924 389
928 388
935 383
934 379
942 372
948 376
945 367
950 366
948 360
951 352
957 353
959 345
954 337
948 342
942 339
938 345
939 347
939 351
938 360
930 351
930 352
921 352
922 358
917 359
915 357
912 343
898 344
921 339
953 367
966 369
918 394
919 400
925 403
930 403
939 395
888 411
876 408
868 420
855 422
887 420
883 422
874 457
869 454
863 457
862 463
857 466
848 459
841 458
838 462
860 452
862 447
860 438
855 439
845 433
837 432
834 429
831 426
830 420
835 409
843 409
842 398
842 387
850 389
856 396
854 383
852 377
858 376
858 372
860 372
854 366
849 370
845 370
840 371
837 368
830 363
827 358
824 359
824 355
822 347
814 349
810 349
814 351
827 344
825 337
819 335
808 335
836 337
837 332
849 331
860 334
858 341
845 320
852 319
853 318
854 316
858 316
866 320
872 316
882 308
890 308
894 310
893 317
902 318
910 323
915 327
882 325
882 337
879 337
844 308
844 300
843 300
838 300
834 306
833 297
830 296
827 296
824 295
820 294
821 289
828 287
834 285
839 279
841 277
845 278
852 277
855 278
853 282
849 286
844 291
858 282
861 281
865 273
860 263
859 256
851 255
850 250
851 245
858 249
863 295
875 294
879 289
826 327
818 318
814 323
839 358
831 372
823 371
819 367
815 367
813 365
811 361
808 361
813 368
812 373
814 375
831 375
855 361
854 360
857 359
864 352
867 359
854 353
863 379
870 377
838 385
832 385
829 393
823 394
820 396
811 405
802 400
802 393
793 408
793 415
825 433
818 436
812 434
811 428
817 424
806 439
801 445
804 447
811 448
815 456
810 461
800 464
790 444
782 445
790 447
819 438
818 439
843 442
836 445
833 447
832 446
868 450
873 438
864 473
856 476
859 481
844 475
834 491
833 492
827 493
826 494
827 495
829 497
822 497
823 499
787 502
779 499
776 503
796 525
800 523
802 523
804 518
808 519
808 524
810 525
816 520
825 519
825 515
827 511
834 509
838 512
834 519
831 526
825 529
822 531
824 533
829 540
829 543
823 544
822 545
823 549
826 555
824 559
827 562
826 569
822 570
822 572
823 574
822 581
821 582
818 580
819 585
825 587
826 599
833 609
841 609
811 589
810 594
805 600
807 614
808 615
805 618
805 626
807 628
806 632
798 637
809 614
801 594
795 597
787 600
795 605
791 608
788 613
781 607
791 616
798 586
792 587
812 596
835 572
839 574
843 582
845 590
837 591
841 565
838 559
841 555
849 548
844 562
846 566
852 571
857 571
863 574
864 565
864 562
875 568
877 566
882 561
886 565
896 566
909 568
910 573
903 578
874 571
881 578
880 586
888 583
864 581
860 583
857 590
863 593
856 600
853 600
858 605
867 589
874 596
879 599
881 601
882 604
884 610
891 607
892 597
893 595
899 595
906 592
909 592
911 599
917 601
922 602
927 609
940 609
948 620
953 630
960 623
966 613
973 625
980 632
981 632
983 638
987 636
950 632
921 612
924 590
908 607
889 620
898 622
901 617
904 625
898 631
897 639
904 640
912 641
908 649
901 652
921 642
919 649
925 649
930 651
934 650
943 649
922 637
928 627
933 632
934 635
932 620
915 631
913 629
915 624
869 602
874 606
849 562
853 558
813 562
807 562
803 558
798 558
788 562
781 558
778 555
774 561
771 562
765 568
770 572
762 581
764 588
771 595
757 587
756 588
750 589
749 582
754 576
746 581
744 577
744 574
742 571
741 572
744 566
743 565
740 561
734 557
733 556
726 557
737 554
753 551
745 588
743 590
759 594
754 600
752 600
748 605
744 602
777 583
779 552
775 551
773 551
806 568
811 557
812 539
810 537
834 545
833 538
823 513
795 535
792 537
791 540
792 544
798 542
778 533
767 531
781 540
735 454
731 454
689 503
688 502
690 499
689 496
672 518
669 516
666 511
661 505
665 502
665 495
664 489
662 485
660 484
656 486
653 480
665 477
672 478
679 479
680 482
683 488
685 478
690 477
691 479
694 484
694 476
681 471
679 469
676 467
667 468
677 458
672 450
662 449
660 452
659 444
652 444
652 447
649 447
643 454
649 463
650 464
652 468
671 441
669 441
668 439
666 432
661 425
660 420
658 419
656 419
649 423
661 415
656 410
652 410
645 401
646 391
651 390
651 388
650 382
650 381
643 381
637 386
636 390
636 391
627 390
622 394
620 392
616 385
621 378
629 378
615 375
604 374
605 364
613 358
609 354
616 348
618 345
619 332
630 333
630 334
635 338
633 326
639 326
645 321
654 324
655 332
650 339
653 348
652 356
661 360
661 361
666 362
671 366
672 372
674 375
680 383
683 382
689 373
696 376
689 360
692 391
694 394
702 388
677 372
672 354
671 345
663 343
676 345
681 335
683 335
688 343
690 343
703 342
703 335
710 330
703 348
711 346
715 340
688 327
694 322
697 319
700 321
704 318
704 317
693 313
694 310
697 306
683 305
680 304
674 297
679 292
679 289
679 281
679 271
681 269
682 271
675 271
666 266
684 289
685 289
690 291
689 282
674 308
677 318
670 322
669 322
669 326
661 366
660 367
660 369
664 373
665 384
666 384
668 393
672 392
673 393
669 396
623 348
629 358
627 366
632 358
635 364
602 350
603 375
600 384
596 391
597 398
591 397
602 403
602 407
600 412
602 415
598 417
591 417
590 412
585 413
579 406
573 408
571 409
566 420
561 422
572 426
575 433
569 437
561 435
551 437
542 431
549 441
547 441
542 446
538 454
531 448
521 455
520 454
517 448
516 447
521 440
511 453
503 446
496 444
541 461
536 463
531 471
522 468
513 467
502 463
553 443
553 449
553 451
553 453
557 453
562 455
564 461
559 462
560 466
566 475
559 479
561 486
562 487
565 497
577 500
580 491
585 487
590 485
590 481
598 478
594 489
592 492
578 512
553 480
542 480
541 484
538 489
535 493
534 499
523 498
518 490
526 484
535 501
541 497
545 498
547 494
549 492
543 503
549 515
556 514
558 519
556 522
550 525
549 527
555 534
566 520
575 528
570 533
569 541
565 541
560 553
562 557
578 536
584 536
583 542
586 545
589 551
588 555
579 556
577 562
580 565
595 556
596 564
592 571
590 578
602 555
590 536
557 512
560 511
562 512
557 468
554 464
572 462
582 461
593 462
600 457
603 449
599 446
601 443
607 452
602 466
610 469
611 477
612 477
611 483
616 469
625 473
630 475
631 477
635 480
638 477
629 478
624 490
622 499
636 503
646 509
611 502
610 503
606 511
616 512
620 517
633 521
632 528
634 534
645 539
646 551
639 556
642 561
631 539
621 549
614 519
615 530
607 533
604 538
603 541
597 518
594 515
599 523
592 521
620 462
620 452
629 454
629 449
552 449
561 434
576 401
570 396
559 394
554 393
549 392
547 397
544 403
548 385
547 379
549 378
551 372
556 373
557 373
557 379
556 383
560 364
560 359
568 353
553 355
553 353
559 348
550 356
546 352
542 359
539 356
538 355
546 345
553 342
567 368
574 367
576 367
583 362
583 355
578 351
591 353
541 370
529 370
520 376
514 377
509 378
503 375
501 376
495 375
492 380
487 374
476 375
470 373
460 368
468 378
471 370
471 359
463 357
465 353
462 352
458 348
458 341
456 334
451 330
445 324
445 323
456 319
460 317
462 314
464 317
470 313
474 312
481 299
485 297
465 319
464 321
465 342
471 335
470 332
482 332
483 336
482 341
483 344
493 343
496 344
506 343
507 357
505 358
499 359
489 358
508 342
515 344
518 346
522 346
485 335
485 329
484 325
486 316
487 313
496 313
501 311
505 320
507 324
455 356
506 386
496 392
492 401
489 402
484 405
487 400
479 398
473 396
467 405
491 404
491 411
491 418
496 421
502 414
493 425
485 415
482 418
476 415
474 420
466 424
470 432
460 423
463 418
464 418
459 429
459 434
460 435
454 429
456 423
540 383
536 385
531 388
530 395
523 400
519 405
511 406
519 409
517 412
518 413
516 416
517 418
520 425
527 424
534 420
520 413
525 413
526 409
560 402
581 392
579 388
602 422
599 406
604 400
606 399
605 391
618 397
618 403
636 403
643 413
664 411
659 426
654 433
648 433
644 435
640 438
634 437
623 436
618 435
633 426
625 425
627 419
672 484
672 523
669 523
664 528
696 521
707 516
712 520
678 548
671 548
667 546
668 542
663 540
665 551
669 556
664 562
674 567
670 575
670 582
675 590
685 584
693 578
677 594
677 599
672 601
662 593
674 609
681 612
674 623
678 631
684 636
667 624
667 625
668 627
681 596
683 597
685 601
692 608
664 579
660 579
659 574
689 557
683 560
725 571
726 590
731 592
700 645
693 651
761 685
759 681
752 669
781 767
786 781
787 781
785 791
787 792
784 798
777 796
770 800
773 805
769 815
771 818
776 823
781 816
766 825
766 835
766 845
770 849
773 850
778 848
781 846
788 839
792 839
795 846
791 850
799 835
805 839
815 834
816 827
820 819
818 813
809 815
804 809
798 801
797 800
803 798
800 788
818 806
773 852
765 852
754 837
747 838
748 828
747 824
738 825
738 821
742 841
733 837
731 838
728 846
723 843
718 830
727 851
735 851
733 861
738 868
736 870
738 873
725 863
726 869
724 880
719 887
714 883
709 880
708 881
707 880
713 892
712 897
707 894
705 898
708 903
712 910
717 916
725 918
730 914
736 919
740 920
744 924
748 922
750 918
755 908
757 907
760 906
763 907
765 900
764 898
772 899
782 897
779 887
784 897
789 894
764 916
763 922
775 924
774 930
773 931
776 937
773 942
780 919
784 924
789 923
793 931
797 930
804 927
805 935
798 939
789 943
790 945
808 937
817 945
826 940
807 925
809 927
813 929
816 928
819 925
808 924
758 909
750 927
751 933
755 939
755 942
763 949
732 912
726 920
731 926
708 914
704 919
700 912
700 910
698 921
705 923
702 929
710 934
708 942
709 945
717 951
727 959
740 952
729 968
720 976
717 974
713 974
709 969
712 967
723 937
723 939
693 932
689 940
681 941
682 949
675 955
672 946
670 944
662 945
657 936
660 953
680 963
684 969
683 974
683 984
683 986
679 987
676 984
673 989
677 995
675 996
673 1000
669 1005
672 1011
677 1006
687 1007
698 1006
703 1005
715 1005
717 1011
720 1010
731 1009
731 1006
730 997
728 1023
738 1009
741 1017
743 1022
752 1023
754 1023
756 1012
760 1007
760 1001
768 1003
756 997
753 999
763 991
761 984
761 980
765 977
768 980
773 982
778 988
779 995
789 1001
791 1006
788 1016
797 1009
806 1016
809 1018
811 1014
800 1002
805 1003
815 996
823 1004
831 1005
829 1017
826 1019
823 1018
831 997
839 998
847 997
849 996
850 996
858 999
860 990
862 1004
863 1013
854 1018
849 1014
841 1019
826 990
833 984
834 984
842 982
851 977
845 966
841 956
831 952
828 956
842 954
861 971
868 966
873 962
878 964
881 961
881 959
882 968
819 983
823 974
776 996
781 988
790 985
787 975
792 970
791 963
793 970
798 971
800 968
798 966
799 961
806 961
807 963
809 975
804 982
760 972
767 964
772 967
780 965
754 980
746 982
746 970
765 1023
766 1020
743 1005
714 1012
687 1018
673 1018
679 988
688 984
692 988
700 991
691 990
690 995
693 979
698 978
670 962
667 965
667 966
670 971
668 977
661 983
657 990
654 988
644 995
641 1004
648 1009
643 1014
636 1015
628 1011
627 1018
623 1022
645 1017
646 1021
655 1016
659 1021
653 1005
633 998
625 998
623 991
628 991
632 985
630 982
632 975
631 973
629 965
622 962
622 954
612 949
607 948
606 942
601 941
598 938
593 940
594 944
595 949
599 948
600 953
595 958
592 934
584 938
580 943
581 947
579 952
571 954
570 956
580 958
578 961
570 966
569 968
567 977
569 980
572 979
566 978
559 975
553 967
543 970
539 976
539 978
547 981
553 986
548 989
544 992
538 987
531 995
525 1000
524 1004
523 1007
529 1013
522 1019
515 1019
515 1018
511 1015
510 1012
506 1008
507 1004
500 996
503 988
494 985
492 985
491 988
489 989
492 989
494 980
494 973
497 971
498 964
501 975
511 980
507 968
508 964
506 959
513 968
516 968
517 964
516 970
485 978
507 1015
500 1013
496 1013
496 1015
492 1017
491 1014
490 1008
493 1006
532 1015
538 1008
541 1011
553 1012
557 1015
555 1001
522 1007
523 999
519 991
521 987
538 968
530 964
555 963
585 957
587 965
582 932
572 930
567 932
562 926
556 926
548 929
548 936
545 945
547 950
555 947
541 956
540 957
537 951
533 944
530 938
536 938
527 937
528 931
531 931
530 920
525 913
517 917
514 919
523 903
514 899
519 888
509 900
505 903
500 905
499 910
491 906
500 914
499 923
493 923
486 922
485 918
506 894
505 886
502 884
532 896
537 894
539 892
545 881
535 878
532 873
538 869
543 869
549 867
547 863
544 859
544 854
527 869
515 869
510 867
511 864
509 870
530 866
524 857
525 854
529 843
526 839
529 838
539 837
538 830
529 824
524 825
523 825
542 828
557 831
557 839
563 827
528 855
520 854
530 875
557 884
562 883
534 899
544 910
517 939
514 933
596 931
617 940
621 937
625 933
635 934
640 935
637 930
636 942
637 948
633 950
618 928
619 925
615 923
613 919
612 912
615 906
615 905
625 901
609 895
616 882
606 917
605 923
608 931
610 932
595 914
589 920
578 920
577 914
571 913
567 913
623 918
629 923
619 968
612 994
604 998
598 995
596 996
590 988
594 982
600 1004
599 1012
594 1012
591 1010
589 1014
585 1021
578 1018
572 1012
570 1008
573 1005
577 1003
586 1006
600 1015
600 1021
608 1009
611 1015
615 1004
617 1007
618 982
614 981
607 975
662 964
650 965
645 964
641 962
691 952
696 954
696 966
679 936
677 936
673 930
665 927
663 919
657 916
655 916
651 909
650 909
644 907
642 898
646 889
655 887
644 886
637 885
637 875
635 872
631 862
634 861
637 854
642 849
644 845
638 844
633 842
625 834
626 830
629 820
624 811
612 812
605 810
602 800
602 792
609 795
617 788
620 782
613 779
608 775
604 777
592 779
584 776
582 777
573 779
578 786
567 776
563 772
558 769
555 773
555 779
553 787
554 788
555 788
558 789
562 787
545 782
543 779
537 783
546 795
546 802
542 801
537 802
526 805
537 796
555 801
544 805
549 814
559 766
553 767
571 770
569 766
570 765
567 755
561 750
560 747
555 744
549 744
548 735
538 735
536 738
537 748
532 756
528 759
515 758
531 764
527 771
519 776
518 779
514 784
514 786
513 792
521 791
514 802
509 807
501 806
497 801
513 810
504 785
494 786
485 794
484 798
475 786
470 786
468 777
469 789
467 793
470 803
461 806
452 806
448 805
447 804
440 809
434 810
429 814
438 821
440 825
431 803
441 795
449 793
449 790
450 789
480 779
486 773
482 767
485 759
489 757
492 753
500 758
479 755
471 756
465 758
464 752
461 752
458 757
450 763
442 766
440 762
434 758
431 750
426 743
430 737
436 738
438 737
437 728
436 726
428 721
428 716
423 715
421 713
415 711
405 709
404 705
408 697
406 692
396 693
391 695
394 700
432 715
439 716
444 717
448 709
450 700
449 699
445 696
437 690
434 697
428 699
423 698
422 691
421 689
420 687
422 681
412 679
409 681
406 678
398 675
393 673
390 682
388 672
383 672
379 670
371 670
363 678
357 680
358 674
347 673
338 667
336 660
344 652
346 651
347 650
335 646
330 675
322 680
318 679
312 690
308 696
316 703
316 720
317 720
317 722
313 726
315 731
320 733
318 739
311 727
302 693
301 687
297 695
289 693
287 697
292 702
284 701
279 701
274 700
273 699
270 696
267 700
265 703
259 705
254 715
250 715
272 704
280 711
277 713
289 714
288 717
285 723
286 726
288 731
289 733
295 734
297 739
285 737
286 739
285 751
289 751
292 752
298 760
296 764
296 767
301 767
305 763
284 771
285 777
284 778
280 771
274 747
270 752
262 746
270 756
283 755
296 716
311 676
357 689
362 688
366 694
362 698
357 704
360 714
366 710
373 704
375 704
376 711
350 713
344 713
343 710
338 707
344 704
339 696
339 690
343 688
332 692
331 695
328 695
363 718
359 720
352 730
354 736
349 732
341 731
340 726
355 703
375 689
378 684
381 661
383 651
379 650
371 652
369 658
367 643
364 643
358 642
360 636
363 633
351 633
342 630
346 622
348 622
351 618
350 616
355 618
359 614
363 613
368 614
370 617
363 607
362 605
354 607
369 602
372 600
376 596
379 592
384 595
384 596
388 600
393 595
403 599
403 600
408 606
413 612
405 621
403 619
407 623
418 611
419 616
413 593
417 590
419 589
422 585
418 579
425 573
413 570
406 571
404 571
406 580
421 593
426 595
428 601
429 607
439 612
440 613
448 609
450 618
442 625
450 631
453 633
459 629
461 634
431 591
396 589
391 588
389 585
393 579
391 577
389 573
392 567
383 608
374 586
367 580
364 584
361 583
362 578
360 574
358 574
351 578
352 583
347 586
337 584
333 585
350 578
346 573
347 571
343 563
337 557
332 561
329 553
332 563
324 569
323 570
321 571
319 561
315 557
309 557
308 551
312 549
318 552
363 589
361 592
356 596
346 597
336 601
335 603
332 601
323 601
319 610
311 615
307 620
306 629
309 632
305 641
305 645
300 657
302 663
311 661
293 657
284 663
275 666
266 668
287 671
290 672
282 680
308 644
311 646
316 647
317 648
296 640
293 637
293 636
286 632
294 626
284 633
280 630
274 631
272 638
265 638
266 644
269 647
272 652
279 647
285 644
286 642
259 656
266 631
262 628
256 636
249 632
250 626
244 624
241 629
234 626
239 632
241 617
242 616
235 605
256 619
251 613
251 605
251 602
246 597
244 587
235 579
238 574
238 571
230 587
225 580
253 602
260 600
265 597
262 594
260 593
255 590
267 601
276 603
276 611
280 615
281 616
276 621
314 635
315 630
317 625
325 624
324 632
325 633
323 638
327 618
335 615
336 614
307 608
306 606
303 604
303 601
300 599
295 603
296 610
308 597
311 589
306 586
308 574
294 585
286 584
285 586
285 588
285 589
284 588
285 577
280 576
276 569
282 568
274 567
270 568
264 577
264 566
265 561
260 559
258 563
264 555
270 555
272 560
281 554
288 552
291 540
282 540
297 542
301 538
302 535
307 535
310 533
298 533
287 528
296 516
299 514
263 543
257 558
253 557
252 555
296 576
313 587
316 591
373 576
376 575
374 563
370 556
360 558
359 558
354 550
355 538
349 536
344 531
341 524
332 524
329 519
335 515
330 509
330 501
325 500
324 502
319 491
315 487
308 496
305 498
293 500
289 499
309 502
322 479
331 480
340 483
338 493
343 493
353 492
354 502
342 514
343 504
325 517
323 521
319 524
316 521
323 533
322 539
319 513
339 541
372 555
377 554
374 548
382 543
384 538
388 540
392 535
401 539
412 540
416 536
417 546
419 553
414 556
400 545
396 553
398 554
391 528
387 529
383 521
375 514
372 504
380 500
386 495
396 501
400 505
404 508
407 505
409 506
409 509
406 512
402 519
409 521
405 526
407 528
402 500
369 503
370 494
378 488
377 486
373 538
370 533
375 532
336 629
356 642
363 646
360 653
384 648
393 650
405 648
406 643
415 642
414 637
420 633
431 639
433 634
431 641
434 645
441 646
452 653
452 655
455 657
418 630
419 645
389 640
380 634
381 625
383 624
391 622
393 638
394 638
395 637
391 666
394 666
424 678
423 669
419 669
428 679
431 684
429 687
437 680
439 672
437 667
436 703
436 705
454 701
456 701
470 698
472 699
480 693
485 689
480 708
487 707
491 710
499 710
503 711
475 714
461 716
428 762
420 760
413 758
412 759
411 765
409 768
403 762
399 757
404 749
407 747
401 742
392 741
403 739
406 727
394 719
383 725
381 729
400 767
395 769
396 772
394 774
386 776
386 770
384 785
382 794
385 796
390 803
384 806
372 795
370 800
371 802
373 808
374 808
363 815
359 818
356 822
358 823
361 832
367 838
362 841
359 842
349 845
345 836
343 835
335 834
344 828
340 845
336 851
331 852
332 846
331 845
329 864
325 870
320 863
315 871
310 880
304 876
299 878
296 876
296 869
292 861
285 861
280 857
277 865
277 872
276 878
271 879
268 881
268 896
271 852
262 854
258 848
255 843
252 835
253 833
252 825
261 823
262 812
268 814
271 807
268 797
266 793
260 798
255 803
252 805
250 804
243 800
238 795
235 799
233 801
234 806
236 782
231 774
229 772
231 768
230 762
221 764
219 759
209 764
206 766
203 768
197 771
186 766
185 763
181 770
204 761
202 760
209 772
215 778
213 780
209 783
210 787
220 792
221 793
222 754
213 749
212 743
204 732
198 724
194 731
197 718
193 717
186 710
178 710
177 722
183 724
172 708
187 703
197 696
198 694
202 702
202 704
207 750
196 745
232 754
235 754
235 755
243 753
246 757
247 762
242 769
245 752
250 752
246 743
245 741
252 729
259 729
264 729
266 729
237 737
229 728
225 730
219 721
212 716
216 706
228 713
221 732
223 737
252 807
254 802
266 783
266 779
270 779
265 778
251 823
245 819
258 863
262 869
250 862
241 865
237 855
229 854
225 863
218 864
216 857
218 853
216 847
217 842
217 833
204 858
198 858
189 856
190 850
185 860
192 866
193 867
194 872
202 876
205 871
207 884
206 889
201 897
194 900
187 910
189 920
188 931
181 942
182 949
178 927
197 916
206 921
183 910
174 902
166 910
163 918
166 919
165 924
161 924
153 919
146 922
145 930
140 928
139 938
136 940
133 952
123 954
125 959
133 969
144 972
151 987
145 968
138 912
131 908
130 905
123 907
113 907
113 902
109 898
103 892
112 909
110 916
113 925
104 927
102 926
94 925
98 933
98 939
98 942
111 944
97 947
101 954
105 957
107 957
96 960
89 965
87 968
82 977
87 986
90 984
84 960
84 956
80 960
77 956
72 960
62 959
56 952
55 947
53 938
57 932
53 927
47 922
54 919
50 914
52 905
48 897
45 897
44 898
40 893
40 891
36 889
25 892
22 897
17 895
12 895
11 890
12 904
19 909
17 914
14 913
10 920
9 928
17 926
27 933
24 938
20 941
12 940
11 943
3 950
9 955
10 956
10 959
15 958
7 968
2 958
0 948
20 943
25 909
32 914
30 921
31 904
8 905
4 910
3 912
45 886
45 885
62 924
63 924
65 915
73 908
70 897
75 910
82 915
87 912
94 904
79 904
81 904
61 910
42 946
39 952
44 960
47 972
42 974
30 970
27 970
25 971
24 970
17 977
22 983
36 985
37 988
31 997
28 999
26 998
62 946
65 942
63 941
72 967
72 971
60 978
68 987
69 989
63 991
60 995
62 1003
69 1009
73 1020
60 1007
53 1009
47 1004
51 1014
49 1014
43 1016
36 1016
30 1023
15 1018
8 1017
2 1008
10 1002
0 987
35 1012
49 1020
57 993
98 967
97 972
102 973
122 922
128 919
124 930
122 935
124 892
122 889
122 879
114 881
128 889
134 884
143 894
149 898
150 897
163 929
162 934
161 941
182 893
211 892
212 902
216 906
225 906
230 918
240 918
248 925
252 915
255 915
255 916
267 917
274 918
282 923
256 910
251 900
245 899
247 891
253 885
255 880
245 878
232 880
226 885
226 886
240 897
226 921
220 928
210 934
204 935
187 870
179 867
172 862
163 861
155 857
144 856
133 858
126 860
124 857
115 864
126 847
130 841
139 840
151 844
153 837
165 842
136 848
120 841
115 836
109 842
103 837
100 835
101 832
99 855
122 833
130 824
133 814
138 815
143 815
144 819
143 825
153 822
162 819
170 824
173 822
178 832
182 834
177 816
174 812
178 811
144 810
142 809
144 807
143 806
139 801
150 799
154 798
160 798
162 805
167 805
156 789
159 787
162 776
157 771
154 766
148 760
145 753
142 753
170 786
180 785
181 787
180 792
192 793
153 811
130 811
129 802
125 794
115 791
112 787
110 783
112 777
114 776
113 767
104 768
105 761
101 757
97 749
98 746
100 740
99 734
104 729
97 725
103 721
110 713
112 704
106 702
103 704
95 710
91 700
88 697
86 691
87 690
87 687
83 688
79 692
73 684
72 680
81 677
88 675
90 676
94 673
102 679
97 686
109 676
106 667
99 662
99 661
92 662
110 679
108 686
108 690
117 686
121 679
120 670
117 666
121 663
122 663
120 659
115 656
124 659
124 653
127 651
137 642
140 644
141 654
129 678
132 672
136 670
127 685
66 673
59 669
56 674
49 667
54 660
52 654
51 647
45 641
48 635
33 641
32 640
33 630
30 626
24 618
39 621
40 612
32 610
44 604
40 601
49 598
55 597
57 597
58 598
63 598
63 602
55 608
62 593
61 589
62 587
56 581
62 574
66 573
65 564
75 562
75 557
79 549
77 547
75 544
78 538
80 539
79 546
80 558
87 554
91 556
98 549
105 558
115 559
118 556
98 546
107 542
97 546
57 566
65 560
65 550
59 544
57 536
57 533
54 546
48 545
47 542
49 553
39 557
31 560
27 567
18 569
14 567
9 573
8 581
3 586
7 594
15 593
21 599
23 599
23 600
27 594
31 590
3 599
11 584
17 583
18 559
13 555
15 553
17 546
22 551
31 550
30 542
31 540
33 540
17 544
6 542
21 540
16 533
15 529
21 524
21 514
20 510
23 506
23 501
21 496
27 496
19 490
14 494
11 489
5 484
12 477
5 470
19 472
21 475
26 479
33 483
34 487
40 486
48 493
50 490
53 494
58 498
54 508
45 505
59 509
68 512
65 517
66 519
60 519
51 523
45 524
46 529
40 525
36 528
31 529
39 530
77 517
77 521
73 507
69 501
76 503
78 501
83 503
91 504
94 506
99 505
102 508
109 514
105 520
101 524
89 528
107 524
116 517
118 515
124 508
128 504
132 498
139 498
140 495
148 501
151 511
149 516
152 524
150 530
155 533
157 538
164 539
169 535
177 535
184 534
191 536
190 529
195 526
203 524
203 532
205 536
212 533
218 530
220 522
223 510
229 522
233 523
234 527
242 527
245 528
248 532
256 530
244 542
234 543
248 525
245 522
244 520
247 519
248 515
255 511
261 507
250 502
244 492
242 489
243 478
242 467
241 462
240 456
241 453
248 449
251 448
254 447
261 448
265 447
271 442
266 435
271 433
272 450
275 451
281 452
280 456
285 466
282 468
278 475
275 485
266 486
270 473
231 466
226 467
222 469
218 471
220 475
225 478
225 480
225 483
222 485
218 485
219 495
217 495
217 499
211 501
212 504
231 484
229 471
247 478
242 510
254 519
263 518
275 516
280 513
274 508
272 498
277 519
224 535
207 546
216 543
206 550
201 550
211 552
218 553
223 550
193 518
190 512
196 509
196 502
199 496
201 495
203 488
198 486
202 477
204 476
191 478
185 472
181 470
191 491
167 526
165 521
162 511
162 508
163 507
162 505
160 495
166 492
172 491
168 483
159 477
154 480
151 480
151 478
148 473
156 473
155 466
151 458
142 453
141 446
144 439
151 431
156 435
158 439
158 443
160 445
165 450
162 454
168 443
135 458
130 463
124 466
117 461
116 453
110 450
109 449
109 439
111 439
120 439
110 465
106 473
99 468
108 462
129 454
127 455
132 451
130 445
131 439
134 432
133 427
124 426
123 420
127 420
133 412
140 404
144 396
124 404
112 401
106 401
99 402
100 394
100 385
105 384
110 384
112 383
116 389
112 377
94 380
98 377
91 371
94 368
103 368
105 368
94 365
89 369
83 370
83 359
88 352
77 345
77 338
75 336
77 329
85 327
67 336
61 344
58 353
66 356
91 347
96 338
76 373
74 367
68 369
55 373
52 377
50 376
44 375
47 384
49 393
45 402
37 396
30 394
49 403
58 403
58 409
55 414
50 413
39 386
35 381
32 380
23 383
17 382
17 380
15 379
5 380
2 377
7 371
8 358
7 351
0 353
9 358
0 387
21 368
23 364
20 390
16 390
14 394
12 404
20 403
27 408
36 408
27 413
31 416
37 419
35 430
11 412
9 419
15 419
16 419
22 428
10 434
10 437
53 371
47 367
40 359
39 355
29 352
42 352
91 390
97 410
93 417
93 427
89 428
80 425
78 418
73 418
77 410
72 405
71 397
76 394
80 406
80 436
81 441
83 441
83 444
82 451
71 435
68 436
64 427
52 428
50 432
51 434
54 437
60 447
62 454
55 457
66 455
92 408
112 410
108 423
141 420
146 419
149 419
154 417
163 422
164 424
175 421
176 417
179 414
181 407
188 408
189 399
172 406
168 408
161 399
166 395
168 388
171 388
156 399
181 421
182 427
185 431
191 433
197 426
204 420
212 433
214 437
205 409
209 403
215 399
224 396
225 398
231 403
233 412
227 415
224 419
221 415
238 415
241 421
238 422
235 433
238 437
249 424
239 412
247 413
245 406
256 412
267 408
272 405
279 407
286 413
286 420
280 421
293 420
293 430
299 429
302 435
305 443
310 449
312 456
306 463
304 475
300 478
296 477
289 482
289 483
315 466
319 467
325 460
323 451
330 464
333 459
337 455
342 461
348 462
340 449
345 444
346 440
347 435
341 439
336 433
331 434
323 432
316 427
319 422
321 417
314 410
324 420
326 422
327 417
328 414
335 428
339 427
334 448
330 467
337 469
338 470
346 471
349 473
352 474
356 480
362 468
363 469
361 463
360 460
362 459
365 456
374 459
375 460
378 467
377 469
382 458
393 459
396 451
394 449
396 448
404 445
405 445
411 451
412 454
411 465
411 475
414 481
412 488
420 495
428 502
431 503
437 505
436 508
441 506
442 511
437 519
437 520
434 532
429 535
438 537
444 533
448 535
453 543
453 544
454 555
454 556
459 556
468 561
475 554
475 550
483 551
494 550
497 551
506 546
508 539
514 541
521 544
521 546
524 546
523 552
531 551
534 561
532 549
519 553
515 556
517 561
511 561
518 562
515 537
513 531
503 530
500 528
495 535
487 536
483 536
475 527
473 522
469 531
465 525
505 520
500 513
502 505
503 503
508 503
511 505
515 513
515 514
521 518
527 514
533 523
532 524
529 530
534 531
494 513
492 512
489 502
477 496
495 517
474 549
478 560
466 571
474 570
480 573
485 575
451 559
441 552
435 552
443 569
444 580
451 581
450 589
460 592
468 591
467 603
464 606
475 587
479 593
479 599
490 589
494 585
503 576
507 575
510 577
509 580
493 597
492 603
490 607
488 607
485 613
481 615
481 621
477 629
473 627
437 579
454 516
461 509
469 508
426 512
429 486
431 485
438 492
423 466
429 466
435 471
441 470
449 474
452 473
453 468
453 466
460 463
458 452
462 450
451 447
462 465
477 463
477 456
483 469
478 472
480 479
497 483
458 475
460 478
463 485
459 486
457 488
459 494
452 494
463 488
450 479
451 480
443 461
441 457
436 457
440 449
433 447
423 470
418 453
419 448
418 441
418 436
421 425
412 433
407 428
401 428
399 423
398 413
396 411
395 411
395 405
398 402
399 395
395 390
397 386
394 374
398 368
396 362
400 352
394 348
389 345
386 347
382 347
375 341
375 335
369 336
363 329
369 325
372 319
362 321
356 315
357 311
355 305
354 302
353 299
350 297
345 299
346 305
339 306
333 296
331 290
332 279
341 285
323 275
319 272
324 262
309 276
322 294
335 311
336 313
353 292
362 310
369 304
368 294
375 286
374 274
373 267
368 266
371 262
377 254
384 257
385 260
390 260
394 254
402 254
400 245
404 237
402 227
402 223
410 220
407 216
406 208
411 206
412 206
417 200
417 197
419 197
420 190
414 186
413 179
413 175
416 176
404 170
402 166
402 162
398 152
400 148
411 143
414 135
419 131
416 125
411 118
422 131
424 127
423 122
430 122
432 113
397 142
391 143
383 135
383 124
374 123
372 123
364 124
360 126
357 117
358 113
368 111
353 119
350 115
343 115
335 118
333 121
337 123
349 127
346 125
343 132
384 120
387 120
390 115
385 109
386 101
376 92
395 116
399 110
402 102
411 103
400 128
379 115
384 149
384 152
383 152
373 157
370 151
366 152
361 151
370 150
368 147
367 160
362 161
361 159
359 160
359 166
358 169
353 167
342 162
358 170
356 179
399 168
389 166
392 176
383 179
376 188
371 194
374 197
366 197
365 202
363 209
358 214
360 221
364 222
371 204
378 211
363 196
363 195
359 195
352 202
345 193
338 188
330 193
329 201
322 209
314 205
310 214
311 216
312 217
310 224
309 229
308 233
310 239
310 241
297 241
290 235
286 236
282 229
274 232
274 235
271 239
269 244
265 241
259 246
252 246
251 255
256 261
259 261
263 271
270 269
271 271
269 281
266 283
281 278
286 269
285 268
286 264
295 266
297 256
306 259
249 243
231 246
270 249
282 241
279 243
294 244
314 229
322 231
326 237
325 241
318 249
330 246
335 251
335 257
337 238
344 229
322 224
329 218
339 211
306 229
300 225
316 218
305 216
299 213
297 206
287 202
281 196
278 195
275 195
270 189
272 201
268 202
264 202
265 208
260 211
258 205
256 200
251 199
265 216
262 222
254 219
252 219
246 222
244 227
240 223
233 225
227 216
232 207
231 204
239 197
240 186
246 187
246 182
223 206
214 205
209 209
204 221
201 228
217 228
211 197
203 190
215 191
214 184
224 184
228 183
232 178
230 173
233 164
228 161
226 152
225 147
217 149
213 159
206 158
206 156
204 159
197 156
198 151
197 150
186 146
185 136
186 135
186 132
182 128
180 124
179 118
170 118
192 166
187 167
189 179
196 178
201 176
189 186
185 194
184 198
181 202
186 203
179 203
172 210
173 213
176 217
168 225
180 230
184 229
187 234
188 239
192 241
202 242
205 244
205 253
213 255
213 262
197 254
197 250
197 263
200 267
207 273
206 276
218 281
227 275
235 274
234 265
242 267
242 279
242 286
249 294
256 302
257 305
258 305
260 312
253 321
257 327
248 313
270 307
277 294
290 302
303 298
299 289
296 286
244 298
244 299
239 303
237 308
235 307
227 304
224 302
238 302
219 287
227 286
203 277
203 279
207 244
170 212
162 211
159 204
153 200
149 206
144 209
139 210
139 202
139 200
135 198
138 193
133 192
135 184
130 182
126 192
125 190
120 196
110 197
102 204
100 206
96 202
109 210
113 213
106 219
102 229
106 232
103 243
103 246
108 257
106 263
111 265
108 274
120 276
131 273
139 273
141 270
129 262
124 259
123 257
115 284
120 293
114 245
116 247
113 233
124 213
125 220
129 221
142 224
149 235
138 244
140 250
140 252
155 233
156 236
154 242
159 242
166 239
170 246
124 224
125 231
141 190
149 192
151 184
149 182
146 181
142 177
138 171
143 166
148 166
143 164
141 162
142 160
143 159
140 164
129 164
123 160
122 158
123 157
133 153
137 143
142 143
148 140
148 147
148 139
143 133
140 129
138 126
124 130
122 117
144 123
143 119
149 127
154 121
156 120
156 112
155 110
158 109
153 136
158 133
164 143
162 147
165 148
114 159
113 162
112 164
110 155
107 150
104 154
102 160
101 167
98 168
100 177
100 178
106 180
98 189
89 191
87 189
83 185
75 185
70 182
67 181
73 192
66 192
63 192
66 195
86 179
79 177
78 177
85 196
94 165
83 163
74 163
107 148
114 147
118 145
97 144
95 142
89 148
81 151
73 150
66 151
64 145
58 144
51 146
51 153
56 161
55 165
59 165
61 165
56 172
47 171
42 180
35 183
38 167
41 159
36 169
28 173
19 180
20 185
15 193
9 192
16 202
12 207
9 212
15 217
18 218
21 226
26 228
24 231
33 228
31 219
36 218
43 223
44 223
50 228
54 228
60 230
70 230
73 226
75 220
83 221
89 224
74 216
71 214
68 208
69 207
75 213
77 229
84 233
77 240
71 242
69 244
85 254
91 233
42 236
43 239
45 243
50 254
52 264
56 268
67 270
69 276
66 282
60 281
62 290
67 297
70 302
73 304
75 313
73 315
84 313
90 308
92 306
92 300
88 293
99 289
89 279
82 294
83 298
96 309
93 314
99 321
105 321
105 328
109 338
112 326
121 322
119 315
118 314
129 326
139 332
144 334
147 334
148 324
148 321
149 313
143 305
143 304
135 301
134 294
137 287
145 289
149 288
147 284
153 279
160 285
162 293
164 297
166 305
164 307
155 298
127 303
145 322
138 318
153 324
158 331
160 340
164 343
166 346
167 345
174 348
179 343
185 341
189 346
196 350
195 341
196 338
202 341
204 332
199 325
194 322
197 314
188 316
187 314
190 308
195 303
198 295
191 294
186 286
180 287
179 288
180 292
178 297
172 287
171 283
169 280
171 272
167 267
163 258
209 296
207 304
182 311
179 337
181 328
186 327
172 326
172 320
149 342
142 349
141 350
151 355
152 354
155 357
159 356
158 361
157 367
168 367
169 365
171 359
172 359
170 368
175 372
172 375
181 375
152 371
153 374
149 374
144 368
140 373
129 371
126 366
127 362
129 362
119 363
115 359
141 380
141 383
134 387
149 380
137 342
132 341
126 338
124 337
122 338
125 340
101 312
107 308
65 299
48 218
49 213
53 214
55 216
59 214
35 214
27 208
40 211
40 202
12 225
8 222
1 223
0 232
7 239
5 245
3 250
1 255
6 264
13 266
18 265
21 259
23 258
25 250
27 250
30 244
21 272
22 282
27 281
22 291
20 298
25 307
27 312
24 313
28 317
32 318
37 318
45 309
47 304
45 302
58 311
58 320
41 324
42 327
41 335
52 334
40 327
25 323
19 328
17 324
9 322
5 321
6 311
14 309
1 328
3 334
7 333
9 332
30 293
35 292
11 273
7 281
16 237
2 213
12 178
10 178
7 179
1 180
25 165
24 158
14 149
4 144
53 183
41 141
33 144
32 137
28 134
23 126
31 125
42 128
46 127
33 118
31 117
34 104
46 108
48 113
50 108
54 110
63 107
67 107
73 104
66 95
68 92
79 91
68 84
55 91
36 91
41 87
43 78
36 68
34 67
32 64
24 63
17 54
11 53
23 66
25 72
13 76
9 67
18 87
28 79
38 64
37 61
32 56
32 55
34 49
43 51
45 50
48 54
47 56
52 48
48 43
45 35
53 35
54 32
61 32
60 40
67 28
72 25
77 25
78 31
77 39
78 45
84 46
88 44
90 50
96 53
95 64
85 64
74 69
72 63
67 63
96 65
99 67
96 79
107 78
113 81
112 85
109 93
111 100
122 100
130 104
132 103
136 106
141 97
139 91
125 95
127 91
127 86
102 104
118 78
97 88
101 49
103 41
96 36
99 32
98 29
111 33
115 35
118 26
124 26
131 32
122 21
132 17
141 15
145 6
148 5
157 8
154 16
155 19
152 15
164 11
167 6
171 13
178 11
179 19
184 24
181 32
179 31
172 32
182 38
183 40
185 39
195 42
196 48
201 49
200 58
197 60
194 65
189 62
185 56
206 47
208 48
213 51
220 57
219 59
223 61
230 59
235 56
238 50
227 45
239 49
244 52
247 54
249 55
254 63
251 72
245 84
257 61
262 68
269 72
272 78
268 80
268 81
260 79
260 76
265 56
274 56
253 51
242 55
239 41
242 41
243 39
247 30
254 25
255 25
260 19
252 16
250 4
242 18
241 14
234 19
229 22
222 19
214 21
225 5
210 3
208 2
201 13
206 0
235 24
268 20
271 18
277 19
278 12
277 5
271 9
267 5
269 2
283 15
285 12
290 24
291 24
296 16
298 17
302 15
306 13
308 12
317 15
321 5
318 1
317 17
310 22
302 31
302 37
275 27
272 30
279 39
279 40
288 43
293 52
297 51
289 62
296 70
296 71
297 76
305 82
304 70
305 65
300 62
315 63
312 52
314 40
324 47
334 50
344 48
341 42
343 32
346 30
336 16
355 36
359 31
355 19
354 14
358 12
367 7
377 5
380 2
384 6
352 6
358 2
366 31
370 31
376 27
375 24
372 33
330 35
320 74
318 76
330 78
333 67
342 72
351 76
356 74
357 73
365 84
348 81
344 66
343 64
332 80
327 84
325 91
326 97
328 106
334 91
224 68
220 74
223 82
219 74
211 70
205 72
228 70
233 69
199 39
209 36
212 36
197 37
198 31
194 29
177 44
174 39
170 46
172 52
172 55
173 58
171 60
173 70
167 74
160 80
157 93
156 95
165 48
162 43
163 54
157 55
151 54
151 57
154 63
147 66
143 70
141 75
134 70
130 57
126 51
123 49
119 49
146 80
153 46
152 34
149 32
146 52
186 17
180 10
182 8
177 4
132 5
127 6
122 5
113 2
106 4
105 8
106 11
97 0
91 3
87 14
79 6
79 50
40 38
35 35
34 33
34 29
34 28
30 23
26 20
22 24
18 20
13 8
4 1
18 5
20 3
13 24
8 28
10 32
25 31
20 32
40 18
50 14
50 6
52 4
38 6
58 21
66 15
58 54
64 51
67 45
31 46
26 41
47 80
25 102
10 100
3 105
2 110
18 129
17 123
26 137
61 136
63 136
66 129
70 127
63 127
91 152
92 137
93 130
88 129
85 123
79 132
79 134
96 119
98 131
99 132
104 128
107 128
109 136
123 168
152 174
159 173
161 173
168 165
164 162
172 170
175 177
176 180
178 181
171 182
159 185
177 199
176 199
169 197
167 193
206 161
216 166
233 147
236 146
236 141
236 129
231 121
220 121
217 129
214 130
212 132
221 131
224 132
234 117
238 112
233 108
228 107
225 107
224 107
212 108
202 113
196 107
187 106
181 102
183 95
175 94
186 94
186 84
188 79
187 77
192 96
202 100
209 93
210 93
200 89
198 84
197 120
227 95
244 130
224 179
249 230
259 227
269 198
319 192
314 188
305 194
303 188
294 178
289 175
289 182
289 183
315 184
320 183
312 178
308 167
317 163
305 158
312 154
312 145
306 143
304 136
297 136
308 136
317 136
320 136
325 146
330 148
331 155
328 157
329 159
330 166
340 149
342 144
354 140
309 130
316 127
302 128
303 122
301 120
299 119
294 120
302 115
300 113
294 109
294 107
291 98
283 105
282 110
277 112
275 120
280 121
274 123
277 129
271 136
271 140
278 144
284 145
283 149
281 152
279 154
277 154
272 153
265 158
256 158
254 147
251 147
266 160
264 164
263 165
258 173
250 167
268 173
270 140
265 138
268 143
269 107
266 113
258 115
257 109
253 104
251 112
250 112
263 122
256 126
312 116
341 185
351 206
429 193
435 194
435 183
446 182
449 179
446 170
448 160
446 157
443 153
440 151
430 149
418 155
416 158
451 152
454 155
458 162
466 160
458 166
454 146
458 146
459 147
451 145
447 136
450 135
453 130
462 126
472 121
479 116
480 129
473 133
481 138
488 138
494 141
500 139
506 138
497 146
492 147
501 153
508 153
508 147
514 146
520 141
522 144
501 155
491 160
484 158
483 163
481 171
481 176
492 168
491 172
491 180
496 180
490 180
489 190
487 198
496 199
485 207
477 213
474 210
472 213
459 214
475 202
478 217
481 220
489 218
497 215
501 218
512 213
516 220
517 222
522 209
520 203
521 198
517 196
510 198
522 197
525 198
534 195
529 184
535 178
524 185
516 183
519 175
518 171
519 164
527 165
529 157
534 160
511 167
538 199
540 195
539 191
542 200
549 202
549 198
542 205
541 206
537 212
547 211
546 219
545 223
536 227
539 236
542 247
549 257
551 259
555 268
556 271
566 277
569 281
573 284
577 291
575 292
576 302
564 303
561 291
558 303
554 302
558 308
564 318
566 317
558 325
584 311
584 313
589 313
591 304
590 299
599 299
606 303
599 312
612 316
620 314
600 327
600 332
579 292
553 273
542 278
541 283
538 284
534 291
535 299
536 308
531 320
525 324
524 322
520 314
539 323
543 331
532 333
537 277
526 274
518 271
515 273
513 280
514 283
520 284
515 294
510 279
556 253
559 248
565 253
568 248
574 253
583 251
585 245
591 240
598 235
591 229
588 231
584 228
583 229
574 233
564 228
560 229
566 224
596 226
597 225
601 220
603 222
605 227
605 229
600 237
610 240
612 240
622 234
625 234
628 226
629 222
622 218
612 211
611 242
604 250
609 253
579 242
587 259
589 260
598 262
597 273
605 275
606 281
609 275
615 280
614 281
619 285
621 283
624 291
628 302
631 290
630 284
629 277
626 275
629 271
634 273
639 268
646 269
647 273
646 284
644 292
645 302
654 272
656 275
611 268
595 276
597 278
556 245
545 262
540 248
531 251
531 259
523 249
535 237
475 142
490 126
496 129
499 119
494 111
499 109
506 109
506 101
496 96
484 96
478 99
478 103
496 90
505 84
497 79
496 79
493 72
493 65
484 68
481 67
491 58
497 66
500 65
505 73
515 76
525 70
527 62
516 60
512 52
507 55
506 47
495 47
494 41
491 30
503 35
508 29
515 34
521 38
522 38
526 34
523 23
516 14
525 7
530 8
530 9
543 7
552 8
554 6
564 0
571 6
572 7
575 9
581 11
583 18
584 22
589 24
595 27
605 23
613 24
618 31
613 35
610 42
601 51
617 21
620 16
624 13
624 7
629 4
633 4
635 2
627 17
591 32
587 31
594 34
590 40
582 46
577 42
574 39
506 8
504 15
496 14
492 7
488 7
488 12
476 13
475 11
475 3
469 0
466 3
467 12
493 3
500 2
527 41
535 43
547 42
548 45
549 36
552 31
545 30
539 28
540 20
538 31
554 29
561 29
562 32
554 28
550 21
519 40
537 66
546 68
544 72
548 79
549 80
557 82
562 77
562 72
566 66
559 58
575 74
582 75
581 70
559 85
557 89
557 94
560 103
564 107
551 102
554 112
554 117
550 122
546 122
537 115
539 107
535 105
536 102
534 116
543 131
545 135
548 138
547 141
544 147
540 145
538 139
534 136
536 146
552 138
560 130
566 125
573 126
580 132
583 128
576 141
571 143
572 147
561 148
557 159
554 161
549 160
560 169
560 171
560 178
579 155
569 158
588 159
590 168
596 173
603 169
605 174
606 179
608 181
614 186
614 194
609 193
607 168
603 156
616 168
618 165
618 156
614 149
610 143
614 131
613 130
608 120
604 119
600 118
598 111
597 105
602 94
607 97
591 100
580 103
577 109
573 94
582 89
599 119
597 120
594 119
600 131
619 127
626 122
632 131
638 126
642 134
630 139
633 114
628 110
618 111
643 116
644 109
638 103
637 98
642 90
633 96
647 100
654 99
660 94
660 93
649 123
652 126
659 132
661 131
670 131
667 123
676 121
672 114
668 110
676 106
678 106
674 102
676 97
672 95
670 88
669 82
668 74
664 73
663 70
662 68
661 68
660 70
658 72
662 63
655 63
655 61
654 53
645 55
641 51
636 50
631 60
634 66
627 68
622 67
619 70
621 79
626 79
614 78
607 73
607 69
620 59
619 55
613 58
623 53
637 47
643 45
646 38
651 29
656 31
659 32
659 30
668 28
676 31
683 33
681 39
678 25
655 22
654 17
660 17
660 10
669 8
681 12
689 15
691 12
688 5
695 13
698 11
700 17
697 21
698 25
708 27
702 37
717 24
719 19
722 19
722 18
725 23
728 28
729 39
727 44
725 45
718 44
717 36
723 51
721 55
718 53
711 61
730 39
707 16
711 11
711 6
716 7
707 8
660 4
646 17
641 24
646 12
651 6
638 34
637 38
634 34
630 39
666 59
670 63
669 65
677 62
682 65
677 69
690 68
692 78
687 86
683 84
696 58
669 56
664 52
663 42
673 51
674 50
660 81
680 126
681 126
687 120
693 126
697 134
698 143
706 139
708 130
710 124
710 116
714 112
714 126
714 127
697 120
697 110
705 102
700 96
698 97
699 88
704 89
709 84
719 76
728 80
708 98
683 133
663 141
666 151
667 158
676 157
679 146
686 147
687 151
688 151
695 154
700 162
694 171
685 169
683 175
683 180
678 173
677 175
710 159
715 164
708 171
704 176
718 170
724 167
729 170
724 174
732 165
737 166
746 166
751 162
758 168
760 172
762 156
769 157
730 164
725 161
734 161
734 153
742 155
742 157
731 151
730 148
729 140
734 131
737 132
737 127
747 123
754 124
747 120
751 111
751 104
736 104
733 109
732 111
733 99
728 103
753 99
758 91
762 92
762 94
773 95
774 93
779 87
783 90
782 97
782 100
782 110
787 114
792 114
802 110
802 102
793 103
789 125
794 129
795 138
783 137
779 135
801 140
806 137
814 131
813 120
817 119
823 111
830 112
832 107
841 101
844 102
847 109
852 106
854 99
850 94
857 89
861 86
860 84
854 110
850 118
855 121
856 122
859 128
869 131
878 131
881 135
891 133
900 133
900 138
893 124
887 117
886 117
884 117
883 108
882 102
887 98
893 92
896 88
893 78
891 78
891 75
898 75
898 69
906 64
910 67
910 75
913 59
920 60
927 58
927 67
931 69
921 73
922 79
922 86
920 96
924 98
930 102
928 105
939 103
944 103
946 107
951 110
943 123
963 108
957 99
962 90
958 87
951 90
950 82
945 89
964 90
967 90
967 84
966 82
967 77
960 74
955 74
975 88
976 94
981 89
984 85
988 86
988 87
994 90
997 99
991 101
992 106
1003 104
1008 95
1011 96
1010 90
1016 83
1009 76
1001 82
997 77
1005 69
1003 61
1004 59
1002 50
1005 49
1003 42
1011 43
1021 44
1023 54
1021 84
1008 107
1000 117
1001 120
1007 128
1008 130
1011 124
1018 123
1018 130
981 74
967 115
967 116
973 117
978 110
979 105
975 123
967 120
964 121
961 122
959 129
968 133
974 134
979 136
980 135
985 138
991 136
993 135
995 133
991 140
989 145
994 154
985 162
985 164
981 162
979 156
977 157
967 157
963 158
951 161
947 152
938 159
931 167
925 162
917 161
906 164
904 160
900 157
900 153
892 151
902 168
925 177
947 140
965 149
977 169
968 173
970 178
968 179
973 180
963 176
966 169
966 168
979 142
928 86
933 82
934 80
932 89
933 91
929 58
932 54
943 49
946 42
951 43
956 40
954 52
956 60
957 60
964 53
964 50
967 52
968 55
944 33
947 24
945 20
944 18
946 16
947 15
944 7
951 3
954 2
960 2
963 2
965 5
966 6
979 4
984 6
988 7
995 5
1000 6
1007 11
1009 1
1010 19
1006 24
991 15
981 20
974 27
982 32
990 35
976 40
986 48
989 53
968 25
994 20
943 2
938 4
939 14
926 52
924 49
922 42
914 49
910 39
909 28
917 24
917 16
923 17
932 24
921 30
898 93
905 95
905 97
910 104
906 109
899 112
896 110
896 102
903 120
906 118
914 116
927 123
926 125
928 137
926 144
923 143
905 122
909 88
909 86
883 95
883 91
877 88
877 81
873 88
872 86
871 93
866 101
870 104
865 111
880 138
876 146
869 144
857 119
845 124
847 131
846 132
840 132
839 134
836 134
837 138
834 143
837 145
837 147
835 148
829 149
823 152
816 148
816 147
815 144
815 154
840 150
849 145
836 159
845 161
846 158
852 158
857 166
861 165
859 171
853 173
847 175
840 180
827 180
823 181
817 185
815 196
809 206
812 175
806 173
804 176
798 184
799 186
806 188
795 194
795 203
793 205
787 207
788 201
779 201
775 204
774 199
768 196
766 192
766 187
770 184
769 182
764 205
763 210
765 214
768 217
771 224
779 221
777 217
763 218
759 217
756 216
754 221
762 226
761 231
751 232
743 239
744 249
737 252
737 258
734 259
733 261
733 266
733 268
726 271
721 273
718 273
712 278
719 282
718 288
716 290
707 282
707 291
704 292
729 279
747 258
743 266
746 270
750 267
754 271
759 271
764 265
766 259
760 258
759 256
756 256
762 279
765 279
770 282
762 286
757 284
750 277
736 236
731 228
727 223
727 220
729 212
725 211
717 209
716 203
709 205
705 202
709 196
698 200
696 209
687 215
694 222
682 226
677 225
675 225
669 223
667 227
666 235
665 235
658 239
671 243
668 220
663 221
653 224
651 224
646 225
642 227
645 230
644 243
635 246
629 251
634 254
652 214
669 217
688 235
695 241
709 242
717 256
695 247
690 253
687 246
716 201
718 195
720 192
727 193
727 189
716 187
735 209
733 204
742 198
746 199
749 198
747 187
744 183
743 180
749 180
733 220
738 225
765 238
769 238
779 242
785 252
782 261
789 265
795 259
796 254
796 245
798 240
806 239
811 236
817 236
820 246
826 250
828 251
828 260
830 269
820 269
834 252
837 246
818 254
816 259
791 268
797 268
807 268
789 279
785 210
793 211
793 213
799 214
795 220
798 226
809 224
810 223
813 221
814 222
825 221
831 219
825 223
827 225
823 214
808 221
805 170
843 187
843 195
845 202
852 200
850 187
857 188
862 189
865 199
862 204
869 206
873 212
879 213
888 215
888 222
889 230
897 225
899 222
904 221
907 225
914 224
912 218
908 212
904 213
920 229
929 226
928 218
926 211
911 235
915 241
908 249
899 250
894 248
900 244
895 256
888 263
883 272
880 271
875 261
879 252
882 250
878 249
883 275
888 278
890 279
893 277
911 258
921 252
924 261
911 264
900 267
913 269
920 275
922 277
922 288
913 284
904 284
904 297
931 291
934 294
933 303
944 295
950 286
960 282
969 278
970 274
977 267
981 266
985 271
994 280
1003 283
1010 273
1009 270
1010 266
1013 267
1015 269
1019 269
1004 289
998 294
1008 294
1015 293
1019 308
1019 312
1006 318
1007 329
1019 332
1019 337
1019 338
1015 341
1005 315
1006 297
979 285
978 293
971 296
968 295
966 298
968 306
967 308
969 311
972 318
971 325
963 325
978 329
980 325
988 324
986 319
977 336
985 341
989 336
993 337
979 348
978 348
978 355
969 307
976 305
963 298
957 277
954 267
962 261
960 258
965 253
961 249
962 240
953 240
950 238
946 233
942 224
942 218
942 208
937 209
944 208
950 205
951 246
943 248
938 244
937 240
968 243
971 237
980 238
989 242
988 246
991 252
990 258
992 262
998 259
1000 258
994 240
996 241
1000 237
1004 242
1009 236
1011 231
1006 228
1000 223
996 218
996 208
986 210
1008 206
1010 199
1010 198
1008 196
1018 209
1021 206
1012 216
989 222
988 224
1002 245
1000 247
1003 250
1011 247
966 234
961 225
960 224
966 217
965 216
968 213
969 208
962 198
956 192
952 182
942 181
941 181
973 208
975 207
974 201
981 194
993 194
990 183
997 182
1003 184
1004 183
1003 176
1007 173
1012 177
1015 180
1023 187
1020 165
1011 159
1009 153
1020 150
960 211
949 258
939 265
946 275
944 301
950 302
947 313
945 320
941 321
940 322
935 317
922 298
918 308
914 307
883 223
876 224
863 226
870 236
861 206
873 195
874 188
883 189
884 196
893 199
895 198
901 196
911 199
920 197
918 190
914 183
906 180
899 188
892 181
893 178
850 186
863 172
870 173
882 170
883 167
883 166
861 177
861 154
862 152
835 110
837 116
818 104
823 95
810 120
801 149
794 142
789 149
779 110
771 81
779 73
787 68
790 64
794 65
775 70
778 62
778 59
779 52
771 45
763 57
769 42
779 39
783 37
788 31
795 27
797 26
797 23
787 24
791 37
798 42
804 48
799 55
806 45
806 38
814 38
816 41
817 48
821 53
825 50
827 49
828 51
835 53
839 52
840 51
844 48
850 43
851 43
855 43
855 33
865 33
866 34
873 35
879 32
880 25
887 20
897 13
888 6
905 6
909 6
917 3
873 17
866 11
867 8
863 1
856 7
850 11
846 15
843 19
837 23
836 23
834 26
830 12
822 14
832 11
825 4
841 29
854 16
858 17
861 21
852 19
848 24
869 0
871 19
885 34
880 41
878 44
877 44
873 48
872 51
865 59
866 63
867 64
860 62
857 59
860 56
859 66
854 71
885 43
892 50
883 54
888 60
844 56
829 59
827 67
831 72
835 77
841 80
843 71
834 81
820 64
816 72
808 67
807 62
812 58
807 80
801 82
791 81
821 55
822 34
823 28
789 44
772 31
770 30
758 32
750 37
744 36
743 44
744 45
740 52
744 60
743 31
753 26
751 22
773 29
776 26
777 19
769 20
766 20
766 14
765 8
753 4
749 2
745 9
734 13
771 7
784 0
798 2
800 2
764 75
756 79
754 78
758 113
761 117
764 123
768 119
768 129
759 138
752 139
752 143
748 142
754 143
724 140
717 153
717 149
678 158
656 119
625 171
625 177
632 174
637 177
632 181
633 189
627 199
638 195
645 197
645 191
644 188
649 186
655 185
659 185
658 171
649 197
654 196
659 197
669 200
672 197
670 204
677 203
641 167
652 157
640 166
591 177
593 180
590 192
582 197
585 201
576 202
572 192
566 195
575 208
577 210
594 195
586 171
575 170
582 179
586 135
589 142
546 58
516 82
488 77
480 82
512 98
518 97
511 111
510 116
513 126
522 123
525 125
466 115
468 111
462 110
466 104
456 105
458 97
451 90
445 89
443 91
446 96
441 97
451 87
453 87
463 86
464 80
470 74
453 80
450 80
442 78
440 82
440 75
432 77
428 71
426 66
418 68
418 69
415 72
415 62
403 56
394 55
393 56
390 61
382 66
381 58
372 63
370 68
373 73
367 53
378 50
395 73
396 73
397 85
388 84
401 71
403 47
393 35
411 49
411 41
418 47
422 44
426 47
429 43
430 38
434 35
422 34
422 31
422 20
430 17
427 7
416 9
414 6
410 0
408 1
409 15
398 13
397 10
409 24
410 24
433 1
435 4
436 4
439 4
445 1
451 9
436 15
435 52
443 52
445 51
452 46
454 44
456 41
456 36
468 30
473 38
476 40
475 42
476 35
450 26
446 59
447 60
454 57
447 61
427 81
426 86
425 93
423 99
432 92
452 75
454 105
449 112
440 139
439 131
452 178
449 185
450 190
452 191
459 195
455 188
457 183
465 179
469 188
467 171
434 175
434 166
435 162
424 205
400 205
400 198
399 195
394 193
396 190
390 188
392 207
414 221
427 220
438 218
438 230
432 231
441 235
441 239
442 241
446 244
448 238
453 240
453 236
464 234
465 234
467 244
468 257
467 260
478 256
481 261
475 267
474 276
468 280
470 285
459 288
459 292
462 300
482 274
488 274
496 281
488 250
490 251
500 250
501 258
495 262
439 242
437 241
434 243
427 242
425 243
420 236
419 246
434 245
434 246
436 246
436 252
427 257
425 258
440 261
446 265
453 263
439 269
431 267
430 277
438 283
446 275
447 277
452 276
443 217
413 215
377 244
369 240
363 239
379 244
386 242
387 240
383 229
385 228
389 224
386 246
366 266
366 262
364 267
357 273
354 277
371 304
377 307
378 303
381 297
383 298
387 293
392 298
393 301
393 305
393 308
396 312
396 315
392 318
383 319
386 310
384 310
393 297
402 296
404 301
407 302
410 303
414 296
415 284
401 277
405 308
410 312
386 288
351 323
340 328
390 343
391 339
397 336
389 336
408 354
410 349
415 345
413 334
414 331
416 327
423 328
430 331
426 339
426 340
415 322
425 317
431 315
433 313
426 303
422 351
400 369
403 368
384 377
382 373
376 368
372 362
369 359
364 362
364 363
370 355
362 348
354 348
353 345
351 347
349 349
346 346
347 353
338 353
337 355
333 356
328 350
352 359
353 360
349 364
343 363
339 366
339 377
338 378
340 380
338 390
330 391
343 405
343 406
344 408
372 376
375 379
375 385
385 367
385 364
404 393
416 390
420 392
426 389
427 377
427 368
433 358
436 352
439 392
439 394
440 398
442 409
443 383
443 380
448 381
453 380
454 380
455 388
458 389
449 394
424 399
385 410
386 400
384 397
381 416
382 418
373 415
368 414
368 412
363 400
360 399
361 396
356 395
354 388
365 415
357 419
368 422
409 415
392 429
394 437
405 435
397 465
395 469
393 471
400 479
383 453
380 444
375 437
374 437
370 444
366 442
365 439
363 440
358 440
374 436
359 456
359 451
301 447
298 448
310 441
314 437
269 398
273 396
281 398
283 392
280 387
282 384
284 384
285 373
293 373
299 375
308 382
313 385
319 385
305 388
300 373
308 365
315 364
318 366
319 369
323 374
326 371
296 379
285 366
290 356
288 354
290 350
287 346
287 337
290 334
296 329
295 340
296 342
303 343
309 339
308 337
317 341
318 332
318 330
313 327
312 318
307 318
305 314
317 310
320 308
285 349
280 353
278 345
276 346
271 341
270 339
268 335
273 323
279 326
272 351
278 343
275 386
276 382
273 377
263 371
258 362
255 364
252 364
252 359
251 357
251 353
253 346
249 340
287 389
292 395
293 401
297 401
303 408
269 394
260 392
253 385
256 382
248 378
241 386
234 385
237 379
235 377
233 376
237 372
237 369
235 359
227 354
225 342
227 340
223 330
226 329
226 323
232 321
233 322
234 323
224 320
213 323
201 396
205 389
206 379
211 373
213 367
209 361
197 366
196 365
208 359
212 356
191 421
181 437
187 440
186 445
191 446
195 442
196 442
185 449
190 452
201 457
205 458
213 458
218 456
224 449
188 455
180 445
137 432
140 466
163 469
173 480
176 482
180 496
161 507
172 542
169 548
169 556
168 563
165 567
160 561
147 561
145 561
134 558
136 549
130 539
132 533
132 559
145 562
176 548
179 553
185 560
180 571
180 574
191 575
197 572
200 569
206 565
167 548
160 546
161 553
154 540
147 541
150 546
149 548
132 492
121 493
120 487
116 488
126 482
130 478
119 517
112 508
98 499
95 495
86 491
88 484
79 476
65 479
104 496
106 496
102 491
42 481
23 471
32 466
29 451
25 448
16 452
39 445
18 504
16 501
12 501
13 504
12 509
10 512
3 517
0 529
0 513
6 499
1 493
2 492
30 516
38 514
24 576
72 586
78 590
75 598
81 589
84 583
89 582
99 583
105 586
102 575
110 577
110 578
117 582
125 578
134 574
112 572
90 576
47 595
45 585
40 622
53 644
59 647
64 644
60 636
63 633
69 634
71 634
76 638
79 631
85 636
89 630
93 622
96 619
101 612
100 604
107 599
108 600
116 597
121 603
117 606
122 609
132 615
138 614
143 611
138 608
137 608
145 602
145 599
144 596
146 588
154 589
154 585
154 575
159 588
166 589
164 597
157 598
156 598
154 606
152 608
172 588
178 587
182 592
181 596
185 595
190 595
199 603
208 598
214 606
208 613
212 622
203 627
212 635
214 644
216 649
212 654
211 653
204 646
216 657
222 654
226 650
230 647
226 644
215 667
208 678
216 688
213 690
225 684
231 687
235 687
235 674
237 692
245 688
253 680
257 683
256 684
248 671
247 668
242 661
257 678
246 696
222 666
217 633
212 593
215 591
209 591
176 603
172 603
173 606
172 612
181 611
182 611
191 612
192 616
185 622
183 634
181 637
186 640
189 638
191 642
191 643
192 652
187 658
184 656
171 645
168 655
164 659
162 662
155 660
153 664
150 675
156 678
161 683
166 691
171 692
182 689
175 681
171 676
172 675
184 674
145 680
144 681
146 690
140 694
145 704
148 708
143 711
154 700
157 704
170 659
166 616
163 619
163 627
161 632
160 636
165 633
168 628
111 611
113 619
118 621
120 623
89 641
92 640
97 638
102 634
107 641
117 643
124 637
103 629
95 643
98 645
79 645
75 650
73 651
69 628
70 624
79 621
82 609
64 617
57 633
46 650
47 657
37 655
58 658
45 669
36 667
29 663
18 655
13 653
19 645
5 646
5 644
11 635
1 625
3 620
2 657
43 673
58 676
60 684
52 694
75 700
66 696
77 705
115 725
123 732
115 743
128 722
137 729
140 725
149 728
153 730
160 739
162 745
156 746
169 740
173 746
177 745
178 738
172 759
161 751
158 723
92 742
90 737
81 734
73 730
71 725
67 727
61 734
69 742
72 745
67 746
70 749
72 751
77 752
81 748
56 738
54 745
47 748
46 749
48 758
37 760
36 768
37 771
41 772
45 780
49 786
43 794
29 768
25 771
24 776
23 777
25 782
19 780
19 783
20 791
17 792
17 794
14 792
16 778
14 773
13 767
11 758
11 756
5 752
6 749
20 755
22 757
28 755
27 746
17 740
16 735
14 734
5 734
0 736
14 725
16 715
24 708
30 714
37 720
46 718
56 717
46 709
38 709
35 703
34 702
28 696
25 692
19 691
18 699
17 686
11 685
5 687
6 691
1 693
13 678
6 671
5 671
36 692
33 687
27 724
10 714
8 770
0 768
10 781
9 782
6 783
58 756
62 761
66 770
66 777
72 783
70 786
63 793
66 800
73 805
78 805
89 801
92 802
99 808
101 809
103 812
114 809
113 821
98 797
96 795
99 791
56 798
58 806
57 810
52 808
48 813
48 823
46 827
45 832
49 835
51 841
50 842
54 849
44 855
43 856
37 867
48 868
60 866
63 859
73 863
79 855
72 867
76 873
80 870
86 874
84 879
97 880
60 870
61 884
32 872
27 874
52 833
61 837
77 835
79 837
80 835
76 825
84 823
39 826
39 818
31 817
30 815
24 820
16 823
12 818
17 812
8 811
1 810
32 830
33 835
33 838
29 841
27 851
22 858
21 861
16 865
24 840
14 845
9 846
0 849
15 849
17 834
62 810
75 784
78 777
80 774
84 767
89 768
92 768
75 770
82 775
88 777
61 776
53 770
45 741
46 734
44 732
42 734
39 734
72 724
78 718
87 726
122 767
138 775
125 762
126 759
124 758
129 755
117 847
157 867
155 868
159 875
166 878
168 877
164 882
160 886
142 872
241 852
237 847
236 841
234 837
237 831
241 833
234 826
231 828
224 823
219 822
207 820
204 818
200 816
192 813
190 818
192 825
202 832
197 839
199 820
211 810
209 803
228 840
228 844
294 878
286 877
289 885
298 888
301 894
286 887
283 899
282 904
304 872
311 885
313 859
305 856
301 850
303 844
302 840
299 842
311 838
317 836
323 831
327 823
321 817
320 817
318 813
323 807
325 806
334 801
338 805
338 812
338 813
340 803
342 799
341 788
337 780
337 779
339 773
336 764
336 756
336 751
344 753
345 774
351 776
356 773
362 781
328 773
322 768
333 788
349 797
350 804
318 798
317 795
308 797
306 800
301 800
300 805
299 809
294 810
292 804
288 798
283 814
300 811
303 812
329 823
307 830
311 828
305 825
298 826
298 829
286 835
278 836
270 833
278 829
366 847
371 850
380 853
382 852
386 850
397 843
408 843
406 830
394 859
393 867
404 856
406 856
405 866
412 872
419 868
430 873
435 869
430 859
427 851
428 850
429 844
438 845
439 844
436 838
441 844
452 846
452 853
454 861
461 857
467 861
461 870
475 869
481 867
487 875
492 876
475 880
483 887
466 851
477 853
482 852
487 855
472 840
476 836
489 838
490 828
489 818
482 816
497 844
504 842
513 835
453 834
463 824
440 853
441 857
424 836
430 850
437 870
446 877
445 879
445 886
441 891
445 893
449 895
451 900
448 904
442 901
439 909
437 914
434 921
435 925
429 935
432 937
435 942
441 938
444 943
448 949
451 953
458 954
457 957
459 961
465 968
465 970
459 978
459 990
466 993
467 993
467 989
471 996
475 991
467 1002
460 1010
464 1014
461 1016
461 1021
472 1021
478 1017
458 1009
454 1002
452 1000
450 1001
442 1002
443 1010
442 1021
433 1016
428 1018
449 988
448 990
469 960
475 960
482 955
477 948
470 946
469 943
475 933
486 945
487 945
492 946
494 944
496 944
497 941
492 937
453 961
445 964
443 964
436 969
432 969
421 969
419 969
417 976
417 979
417 980
422 983
420 998
431 982
417 968
443 959
439 960
437 952
428 954
423 949
445 969
441 976
447 970
450 938
445 926
451 926
462 924
471 917
470 909
473 897
459 915
430 914
436 893
431 881
424 886
421 884
420 882
418 884
425 889
426 899
426 900
425 901
420 901
420 898
405 879
362 856
359 863
351 867
353 872
355 881
363 880
367 883
375 881
376 881
380 878
372 889
377 894
370 897
368 902
370 903
372 909
367 917
368 921
372 921
362 927
359 916
380 892
384 895
390 891
393 884
392 897
392 902
392 906
398 912
400 915
396 917
397 923
402 926
399 931
402 940
404 943
397 946
411 945
413 936
389 933
388 934
410 926
410 921
414 920
405 912
387 904
398 900
384 886
379 901
362 875
347 883
343 882
342 882
339 884
335 885
332 885
329 887
324 890
322 897
316 903
346 885
348 891
354 890
356 893
357 904
341 898
339 898
336 902
329 909
329 911
336 914
342 912
346 917
337 920
342 923
343 932
349 932
355 941
362 945
359 949
357 949
359 951
356 959
355 961
356 966
350 966
341 968
334 970
330 968
326 976
325 980
333 985
343 982
346 986
351 984
361 979
371 985
372 983
383 980
385 989
388 996
392 993
393 1002
394 1006
399 1010
404 1007
411 1018
413 1022
404 997
387 1017
384 1021
388 1022
374 994
374 1006
350 994
352 1000
350 1006
351 1009
352 1012
357 1010
365 1017
348 1014
345 1014
340 1017
336 1021
330 1017
324 1021
321 1009
320 1008
316 1006
310 1014
299 1013
295 1007
285 1012
278 1017
271 1014
265 1014
266 1005
268 1000
275 993
279 995
283 989
263 1005
256 1003
260 1016
253 1019
251 1020
252 1021
251 1023
250 1023
250 1015
244 1014
241 1017
231 1015
228 1008
253 1013
265 1020
271 1021
317 998
320 998
306 998
306 996
304 991
308 985
299 985
296 982
294 985
301 976
299 966
292 970
287 964
280 973
278 973
269 975
268 983
264 986
271 963
269 959
274 951
278 950
290 952
293 940
283 937
274 947
271 945
270 940
263 930
266 945
262 945
258 950
253 941
242 945
238 952
241 953
233 956
227 953
225 950
219 955
215 954
211 956
207 957
202 956
205 961
199 965
188 962
198 968
199 970
192 974
189 978
215 949
217 959
215 959
228 940
233 959
238 963
238 968
241 970
252 972
253 969
234 974
228 983
236 986
242 988
243 985
243 981
240 994
241 995
220 983
215 988
217 999
207 1001
200 1008
206 1012
209 1016
196 1023
189 1022
193 1004
191 1003
183 1002
182 1003
176 1010
170 1015
170 1017
180 992
169 991
172 984
169 979
173 977
176 979
168 964
157 960
168 992
165 999
159 1005
162 1007
154 1007
154 1011
147 1019
136 1017
131 1012
121 1017
115 1013
113 1011
114 1008
108 1006
101 1007
98 1003
98 998
117 1002
121 1005
122 1000
122 991
129 990
135 992
134 986
106 1014
139 1008
203 993
207 982
211 975
215 970
229 965
301 997
352 1021
346 1023
337 994
337 1001
334 1004
317 969
330 959
322 958
330 957
346 960
363 962
366 961
373 961
377 964
383 965
387 967
392 971
393 964
400 958
405 966
402 977
399 982
373 966
372 968
374 940
376 942
350 944
333 935
336 943
333 945
337 948
323 944
318 943
310 938
312 929
311 928
310 924
309 918
308 917
308 914
297 907
293 912
317 922
298 926
321 934
329 919
347 864
364 865
370 861
375 867
378 866
367 828
370 828
375 828
388 787
390 787
394 794
405 791
409 793
410 790
408 783
406 797
411 804
405 808
407 812
413 794
416 790
417 789
418 786
415 785
419 786
421 784
422 780
423 791
393 764
391 762
385 755
371 755
365 757
360 754
371 763
368 743
393 761
415 770
417 769
417 751
418 748
417 745
419 751
442 768
436 776
434 785
448 756
448 747
449 744
450 744
455 735
462 739
463 741
451 765
454 776
476 749
476 744
479 740
490 737
503 774
499 775
499 771
541 764
527 747
545 727
552 726
562 730
569 738
568 726
571 727
569 721
565 714
567 709
579 709
583 711
565 697
565 693
560 693
557 692
559 686
556 681
557 678
559 670
556 667
551 668
554 657
550 655
547 650
546 642
543 637
533 641
528 634
528 626
531 624
536 620
529 618
533 610
528 609
523 606
517 601
508 610
505 610
504 609
515 597
521 592
523 585
525 579
527 577
525 599
528 598
537 599
523 617
519 624
516 625
511 630
513 632
508 636
508 642
507 642
506 649
500 649
500 657
494 661
488 655
484 659
475 662
475 663
471 667
464 669
464 671
462 673
454 671
458 683
476 651
472 647
499 667
502 665
506 671
510 668
518 672
515 679
517 685
503 690
520 688
518 692
518 704
523 704
523 707
523 711
531 720
516 723
515 725
511 726
513 730
508 736
532 697
536 704
541 699
545 703
527 683
534 679
539 682
547 687
536 674
494 674
487 672
504 657
496 647
494 648
491 645
491 643
514 649
515 653
519 661
526 659
529 665
539 663
529 656
504 629
553 641
558 632
565 625
566 624
567 623
577 620
587 622
589 633
599 640
611 645
613 640
619 638
622 644
626 645
625 647
631 651
630 653
636 659
643 655
645 651
651 646
656 643
630 664
627 666
626 666
624 671
618 666
608 664
610 659
601 669
591 674
596 685
594 692
592 692
602 689
615 692
613 698
616 707
613 709
622 708
626 700
634 698
638 695
640 698
647 702
635 686
625 695
631 710
631 714
589 675
620 676
612 677
632 667
615 630
617 621
608 623
605 617
606 611
613 612
623 612
602 609
600 610
594 611
587 609
602 600
613 600
624 592
628 585
621 580
627 573
626 567
619 578
611 581
631 595
634 596
641 591
642 587
639 609
650 613
648 626
651 627
643 628
601 618
601 621
596 649
595 657
580 631
579 634
570 640
576 648
580 652
579 658
579 659
581 659
583 660
555 629
554 619
558 617
554 609
552 609
549 607
552 605
554 602
555 588
556 581
557 572
547 579
546 581
563 608
569 606
574 603
578 597
564 602
543 652
540 651
558 655
557 650
562 683
568 684
577 682
572 694
573 698
564 697
544 726
558 754
573 751
582 767
592 759
596 764
626 779
631 773
633 768
638 771
639 768
588 802
587 797
601 811
601 818
593 819
582 825
582 826
578 813
599 827
611 829
602 838
597 845
592 839
589 842
581 843
572 846
568 854
561 856
569 859
567 862
564 870
598 847
594 848
588 859
600 869
599 872
601 874
599 876
581 863
583 871
577 871
580 878
581 881
583 887
578 897
581 899
576 882
575 886
613 844
614 843
616 844
615 848
617 859
629 809
632 821
646 845
646 842
641 861
655 900
665 895
669 891
667 888
666 881
671 904
653 923
648 921
676 928
679 926
686 918
676 915
699 888
688 881
684 884
683 882
682 872
675 865
671 863
673 857
669 855
670 848
667 844
664 834
661 832
669 830
672 824
677 824
683 834
688 836
696 841
696 842
693 845
693 832
675 815
675 809
670 809
668 806
682 804
688 805
682 813
683 815
688 816
691 816
693 818
663 854
660 856
658 859
652 872
674 856
722 889
728 893
724 896
732 896
735 888
737 886
741 887
742 886
748 887
749 886
752 880
755 877
757 866
767 865
774 865
774 871
776 871
780 869
781 864
788 869
796 872
803 870
804 869
807 869
813 869
812 874
818 876
818 882
811 874
810 877
807 880
804 884
797 882
794 882
811 885
812 894
813 894
805 865
807 858
811 852
818 858
824 857
828 864
791 864
793 863
714 860
712 850
706 852
702 855
696 866
743 845
807 758
808 757
807 755
803 754
814 746
825 742
830 750
853 760
854 757
848 785
847 786
843 796
843 798
852 788
867 784
873 778
869 791
876 787
863 803
857 803
854 807
856 816
888 830
908 823
910 820
903 818
904 816
904 807
904 799
904 793
903 785
901 778
892 771
890 768
886 758
880 759
876 751
871 746
878 743
880 740
883 734
883 728
874 724
890 744
894 744
893 738
903 736
910 729
906 725
914 723
910 718
909 712
908 711
906 712
905 714
897 709
895 711
891 718
889 708
887 710
885 711
890 699
885 699
897 707
917 733
924 731
928 727
928 725
931 718
924 716
920 709
923 698
931 701
926 691
924 690
932 692
933 689
929 685
929 678
922 678
925 671
925 665
921 664
918 677
909 680
907 682
904 686
895 679
894 673
892 670
885 666
882 673
882 674
880 656
885 653
884 643
880 636
871 638
864 642
869 634
871 625
868 618
858 632
857 622
889 680
888 685
906 691
903 692
910 686
943 691
943 698
948 706
952 701
957 701
958 704
968 697
970 700
947 692
948 685
948 677
945 675
936 726
946 727
949 728
952 725
954 722
958 722
946 731
944 735
939 743
905 743
871 763
867 767
864 766
886 776
903 776
904 774
906 771
902 759
901 758
918 771
909 783
914 784
895 798
889 794
926 835
921 816
920 814
937 821
938 827
940 851
940 857
939 862
937 862
930 865
929 868
928 871
926 884
914 893
933 870
938 871
960 910
947 913
