10000
289 817
192 289
476 359
868 321
1006 533
667 909
1004 946
588 541
432 153
183 165
256 747
169 104
415 709
163 864
594 976
834 883
769 2
148 221
362 1016
542 344
525 185
229 505
108 818
23 540
971 206
705 204
953 874
308 345
560 471
185 130
423 1020
1013 168
1022 137
389 360
129 931
704 654
93 934
136 201
728 159
741 675
365 422
879 294
273 163
639 833
634 825
963 33
821 952
201 819
65 590
156 194
498 860
848 591
770 984
792 474
119 509
126 484
931 1005
779 180
145 394
1013 779
195 952
813 1016
880 1014
812 945
581 968
115 55
804 964
646 551
924 414
1 20
923 127
504 830
109 259
1011 254
654 1000
9 849
929 822
842 785
813 630
707 370
574 822
425 354
762 47
905 663
461 907
683 360
10 163
166 119
423 153
373 53
130 383
902 35
181 720
820 994
326 503
340 900
302 765
231 40
812 112
703 249
1019 362
609 6
526 776
125 949
929 499
1002 35
882 880
70 39
577 891
10 903
370 350
780 672
92 1011
713 904
99 392
130 95
755 739
101 257
491 226
182 397
725 160
432 583
16 503
623 593
370 633
473 740
983 229
389 51
216 78
956 315
470 62
410 201
801 511
458 269
738 640
666 439
800 74
1023 817
577 622
386 947
231 859
664 190
64 29
242 280
107 174
596 577
236 1006
779 13
494 213
282 208
854 948
647 630
1023 646
423 576
244 810
500 475
645 140
666 710
169 908
990 276
58 562
853 294
545 608
307 15
822 590
223 652
514 870
258 513
493 682
66 737
468 566
189 89
706 855
799 875
739 766
127 797
304 980
67 849
565 374
864 363
964 63
1015 455
934 249
968 403
931 10
116 375
576 305
465 258
136 240
109 875
1006 236
648 287
193 715
112 758
66 977
97 6
16 88
461 950
337 406
329 245
416 446
620 993
751 61
227 888
302 337
739 284
573 364
571 766
55 684
500 121
637 597
128 653
685 589
580 1023
995 909
244 388
331 864
357 59
926 584
947 204
921 662
488 471
2 36
213 58
720 714
179 333
287 307
986 973
897 542
972 868
428 192
232 759
32 589
818 958
150 741
138 47
380 627
518 382
663 732
440 359
422 620
692 709
927 654
658 800
173 606
645 601
798 877
336 831
443 131
765 593
872 904
640 228
507 135
611 146
867 27
505 265
647 173
974 551
827 609
327 1000
191 972
577 990
826 914
797 245
21 538
838 893
418 454
98 925
589 709
47 432
736 552
697 360
725 648
911 529
233 214
505 424
163 59
390 989
973 163
210 994
702 24
863 96
478 961
1022 44
646 45
598 150
719 299
798 606
828 7
820 310
431 983
369 822
948 318
985 134
288 663
158 127
760 637
65 758
681 711
803 133
46 377
283 765
677 57
347 481
64 144
791 496
103 136
294 28
454 255
162 742
919 321
870 655
958 935
389 615
622 168
748 669
546 8
410 199
680 130
902 448
626 1005
584 920
9 15
151 172
757 46
493 603
701 427
514 66
18 113
235 766
782 781
774 168
980 840
926 636
970 804
60 572
786 645
468 795
660 619
967 393
666 436
997 343
863 487
410 881
600 645
624 358
402 374
527 358
190 429
994 136
210 31
708 996
676 152
767 312
772 711
705 414
123 678
757 987
142 143
844 742
788 444
77 166
819 604
524 1009
9 495
122 219
526 830
191 178
983 959
490 731
646 171
121 769
850 878
732 992
1022 553
710 786
997 787
953 792
367 453
778 377
948 900
596 450
706 788
628 665
723 94
372 345
266 493
90 92
348 823
60 346
352 770
108 325
534 37
94 901
491 872
254 415
748 851
866 430
615 470
72 314
565 444
659 831
938 749
923 262
548 983
608 900
729 716
202 239
754 296
117 221
144 371
636 892
198 478
298 813
949 370
103 490
815 762
297 729
488 196
991 12
155 575
913 884
267 91
100 1021
387 217
218 531
588 855
399 787
309 697
576 234
44 680
724 859
418 1021
564 906
193 531
919 348
82 808
209 349
899 309
347 262
526 565
793 90
396 168
877 706
865 430
940 909
86 641
744 504
638 284
387 832
815 282
156 897
66 365
223 965
674 570
203 176
111 996
267 508
140 120
190 1005
550 106
891 636
747 611
117 362
896 504
170 687
786 326
561 852
692 784
793 342
330 996
519 441
968 786
949 84
906 115
65 433
222 956
45 969
544 162
307 416
666 477
79 428
804 640
256 472
400 25
814 730
1021 309
148 965
71 73
25 978
189 91
387 411
23 432
356 567
595 664
983 237
117 39
666 921
679 922
369 56
948 160
786 945
469 934
887 541
1008 912
495 173
1003 882
584 3
290 940
570 885
580 530
99 698
569 765
595 224
663 965
280 587
101 43
509 570
977 372
87 961
260 582
110 240
440 694
243 731
611 813
592 167
319 691
865 888
432 437
89 72
378 369
659 479
412 144
25 366
516 113
303 777
695 414
1017 112
84 236
843 695
25 411
863 345
79 704
209 511
117 298
583 495
668 219
974 56
363 1000
422 880
89 726
633 784
116 626
896 200
862 715
896 887
103 735
208 182
415 418
693 533
716 253
4 360
472 979
417 835
955 839
691 20
541 300
804 657
926 677
858 764
368 730
628 471
441 836
653 856
230 323
365 947
576 370
283 24
325 700
859 256
516 527
276 33
827 56
691 730
733 525
470 78
231 74
549 672
911 179
504 117
502 870
40 54
216 324
78 541
0 937
797 516
440 49
550 244
105 217
974 839
742 420
917 973
495 442
621 382
621 101
499 99
971 540
153 163
864 231
704 864
145 477
357 585
526 907
829 632
100 779
447 842
176 340
791 671
782 388
29 380
489 528
479 437
44 633
600 908
864 281
749 1009
758 82
571 261
989 376
893 65
132 316
907 308
656 674
979 414
38 1008
794 527
512 250
964 557
883 541
441 723
822 166
709 556
248 256
817 213
632 686
278 764
1002 161
48 634
835 3
25 873
1011 819
377 500
45 317
33 928
858 474
628 656
641 313
189 889
569 1006
79 177
669 357
942 647
519 990
258 330
994 283
180 981
78 557
457 124
874 490
28 709
965 656
341 582
969 530
447 514
513 526
692 158
884 610
805 379
576 39
709 546
322 889
504 401
422 961
525 273
428 553
982 369
186 299
951 131
830 374
646 319
901 314
477 761
924 258
116 476
298 825
1023 620
691 503
1021 89
440 522
362 868
52 320
213 238
620 140
369 426
515 1015
745 392
305 198
129 205
456 245
682 754
46 681
351 737
160 348
827 600
871 165
445 923
486 658
137 82
799 506
508 290
498 229
682 803
427 811
1009 883
32 667
614 78
324 965
816 484
289 619
60 136
784 505
35 246
140 172
328 939
679 836
205 153
41 887
956 468
674 941
328 706
584 942
784 908
883 576
368 148
171 429
285 956
934 320
178 50
493 507
989 148
319 170
301 361
33 233
829 707
151 133
389 735
51 150
620 934
726 988
59 898
393 344
830 304
664 1008
354 133
491 320
281 811
490 582
148 524
816 977
207 967
87 597
678 138
747 274
49 449
239 108
323 632
452 129
936 92
114 267
226 605
587 507
392 53
66 540
577 882
494 785
825 581
358 479
719 81
754 768
530 993
876 854
601 304
983 514
397 73
781 623
679 344
106 47
397 172
588 975
30 58
736 855
639 70
311 334
151 41
79 681
10 955
511 611
236 471
101 633
544 882
232 199
202 338
247 600
511 835
551 541
893 263
373 508
333 684
842 484
725 921
141 735
853 653
322 65
100 424
698 644
282 930
844 485
244 67
61 755
902 612
273 771
875 646
255 184
306 73
668 7
995 809
742 824
438 40
889 538
464 563
159 747
469 1003
208 713
46 269
445 948
881 718
695 732
340 950
916 646
1023 560
653 994
345 371
794 784
411 659
298 876
198 457
599 667
436 807
357 482
52 802
406 933
496 77
641 836
3 533
458 3
69 87
997 414
458 768
174 869
403 473
721 602
930 296
245 343
79 602
825 131
380 208
40 876
285 681
688 289
190 122
292 259
209 265
674 667
9 848
513 413
297 210
1015 204
507 236
547 586
839 348
718 195
556 758
48 842
416 736
107 606
859 399
866 44
664 516
712 674
340 201
63 638
411 54
842 918
290 365
481 105
713 175
301 246
933 349
64 325
61 171
932 920
570 774
965 210
266 653
884 606
854 947
220 241
1001 38
136 268
403 617
373 93
792 674
339 701
1023 403
3 61
574 935
981 120
685 922
330 951
551 191
533 381
114 754
623 92
792 759
360 172
352 733
265 120
384 604
821 383
1007 824
444 557
735 402
677 396
300 1007
323 852
174 857
209 289
587 832
381 355
567 741
527 919
450 792
15 834
372 837
194 355
637 638
912 349
16 565
745 317
549 45
145 723
902 354
1012 465
163 369
820 730
86 324
626 537
92 641
347 465
454 541
820 68
156 709
417 172
250 138
489 799
183 634
499 61
989 487
526 128
857 323
858 943
647 460
456 739
78 804
180 532
321 1001
600 477
686 1017
650 936
132 115
712 315
750 187
377 715
674 903
843 507
202 677
427 849
114 883
565 192
663 745
724 985
722 301
438 384
294 64
297 426
180 1009
742 930
172 95
621 846
998 440
330 177
93 757
2 207
616 567
399 256
289 100
217 1011
401 655
372 695
720 669
98 900
654 840
806 826
935 403
648 909
843 978
62 936
711 65
120 304
632 519
560 921
619 777
909 1020
408 257
692 104
926 790
1004 556
606 786
358 517
165 1006
402 1008
961 465
921 648
530 17
952 138
536 488
36 132
241 945
128 650
178 820
754 80
586 735
636 168
497 994
685 663
976 64
647 913
529 544
538 35
561 466
173 74
955 209
206 172
130 334
822 308
131 553
388 717
264 0
886 761
994 547
400 947
611 24
836 116
568 350
151 106
817 325
180 748
534 386
920 665
720 719
973 851
248 338
545 512
338 407
249 309
954 650
232 542
674 44
658 218
395 810
324 188
111 504
936 645
890 832
286 587
527 236
414 775
574 959
263 912
342 513
197 273
139 429
815 813
474 449
7 869
235 332
33 346
836 969
992 703
777 254
266 281
490 680
32 40
616 296
953 958
809 126
207 948
556 1022
737 6
448 744
875 683
52 908
6 889
853 998
568 606
228 834
887 719
490 920
759 82
192 688
17 1001
815 224
925 347
223 638
353 671
358 204
330 411
88 336
276 941
310 844
523 539
654 387
234 120
283 993
203 475
658 220
452 449
444 353
796 667
991 125
314 325
329 645
736 417
981 1012
334 268
832 857
807 462
220 17
583 503
1010 786
978 644
1006 406
69 426
759 865
70 726
990 384
28 295
5 764
712 987
753 22
231 561
880 14
0 76
31 583
580 17
345 534
662 327
941 731
753 676
573 823
379 539
184 407
835 189
147 523
152 900
546 383
438 402
397 438
478 428
1021 34
446 342
569 84
669 486
815 398
138 364
198 517
904 382
924 715
571 48
214 724
948 760
83 362
138 481
800 617
909 797
651 331
115 196
415 784
682 207
159 821
571 357
314 451
739 215
142 286
263 357
1010 187
93 70
550 232
551 326
849 436
100 476
768 215
673 159
1000 331
366 135
128 938
492 443
365 207
658 508
493 921
865 480
84 958
550 634
166 77
961 1015
513 37
468 257
252 117
417 228
448 783
363 577
697 855
1020 39
38 654
547 532
551 388
1012 635
322 538
246 489
615 183
480 104
220 948
362 472
41 779
701 490
538 40
43 212
896 39
251 934
693 798
442 220
162 430
855 484
968 77
973 559
260 430
664 480
354 2
953 396
781 630
886 295
670 929
507 542
968 758
453 637
532 895
857 694
302 688
155 246
766 104
806 2
534 446
483 889
448 412
261 205
18 123
500 688
28 1008
207 996
742 660
609 251
531 442
945 833
106 76
56 872
181 862
875 715
284 334
580 732
746 841
937 764
964 413
428 992
397 635
964 116
271 549
367 803
991 288
612 74
365 668
946 546
506 797
237 790
107 818
498 853
635 411
593 576
825 1022
544 198
633 485
314 905
10 681
684 1002
970 272
52 311
941 998
857 423
772 70
190 879
888 688
709 500
76 278
52 901
276 596
75 910
57 390
791 68
47 451
46 1017
723 98
304 640
72 137
40 844
208 230
700 72
918 385
572 994
663 624
871 940
197 947
826 254
313 593
322 360
20 368
354 743
466 658
360 539
796 400
359 1004
630 35
52 524
420 625
495 60
225 342
1000 422
265 802
677 578
371 999
939 391
344 269
110 810
927 470
325 699
870 685
679 476
720 732
1001 117
333 472
177 558
814 153
981 56
955 634
634 302
609 549
693 953
818 803
740 722
250 41
397 96
726 53
573 423
785 550
540 94
1022 717
652 812
870 609
868 801
219 479
79 829
4 772
758 823
551 474
521 801
516 918
898 218
971 447
641 732
997 157
826 995
874 455
783 720
40 628
497 260
83 576
65 87
324 823
910 876
274 407
653 790
302 527
1008 249
974 626
982 947
783 784
918 634
215 678
330 256
282 828
516 365
380 581
452 705
380 339
557 654
746 186
420 24
714 405
274 664
7 232
588 790
1016 482
400 208
136 731
464 418
535 980
783 915
537 212
596 917
551 129
548 273
316 968
298 6
349 572
670 356
804 234
123 796
717 523
1004 853
230 444
248 765
400 7
657 937
219 229
831 770
359 355
20 675
299 318
681 649
890 327
1005 670
562 104
442 255
628 423
84 858
867 332
600 244
340 233
157 559
462 988
306 821
319 326
472 619
644 129
244 510
457 225
156 1019
330 598
250 958
1021 334
792 865
667 368
85 1007
601 242
542 40
207 848
861 526
150 310
121 794
439 365
280 896
591 436
891 921
11 117
855 8
452 623
873 95
992 958
78 569
177 620
609 384
445 447
910 595
757 8
366 172
373 646
45 964
59 936
861 70
30 692
78 482
292 952
577 260
886 655
829 39
251 415
423 696
862 310
268 595
318 634
767 691
256 812
632 315
725 469
385 755
138 464
213 430
392 790
690 254
421 495
294 672
910 717
345 748
3 613
319 321
223 63
1013 479
875 621
795 576
66 156
307 204
620 520
634 1012
286 300
243 707
796 537
356 682
230 701
407 234
290 726
555 513
789 544
992 641
141 763
193 208
920 501
412 516
1021 23
505 284
323 748
991 95
261 323
778 491
0 161
725 290
887 257
803 653
801 772
270 943
511 463
127 407
964 539
924 962
562 405
222 886
129 189
981 390
513 735
881 513
896 583
804 760
840 583
389 617
331 659
536 843
98 663
226 39
179 126
1001 741
531 199
603 660
388 561
26 901
272 908
391 145
467 171
905 283
754 270
900 62
929 413
905 3
52 107
42 231
234 19
973 765
218 552
402 607
89 428
484 362
312 875
507 779
22 388
38 777
658 939
839 563
328 720
566 380
612 37
628 561
803 847
89 181
430 179
609 914
541 922
766 24
677 788
412 716
541 46
631 356
609 959
52 151
315 880
760 927
917 365
464 696
188 554
877 618
733 463
508 250
361 250
274 14
15 686
730 556
732 337
913 317
272 965
468 588
821 205
491 715
570 956
387 758
486 241
352 195
704 860
445 41
87 719
55 102
381 786
658 89
99 547
406 372
489 874
960 286
55 427
1001 625
359 365
359 845
606 711
16 286
548 461
327 635
156 382
737 537
626 244
919 8
616 384
883 552
670 938
979 648
540 315
1013 899
136 595
587 153
881 111
614 184
746 771
566 459
284 711
830 911
955 725
919 547
85 778
75 756
693 30
380 209
345 369
84 482
964 671
635 821
782 225
1005 504
996 547
963 257
234 770
144 165
471 39
712 557
818 787
289 487
818 669
696 139
14 780
621 978
428 232
775 186
458 756
691 430
279 630
687 514
376 831
679 848
871 368
381 665
131 670
128 949
315 824
65 329
580 686
283 1008
919 34
171 353
790 862
783 45
468 447
559 845
254 215
669 101
583 26
766 714
696 894
640 1011
694 705
316 251
367 599
235 262
633 406
615 399
244 375
444 713
822 1004
534 52
195 179
154 778
205 920
468 901
791 84
888 461
789 180
712 133
779 948
395 388
330 1011
787 575
362 207
264 160
187 798
212 382
977 366
136 158
263 605
35 30
689 923
491 455
79 180
588 858
104 983
222 434
970 1009
1009 308
192 249
468 380
23 681
762 1000
23 899
134 286
480 169
316 145
68 808
600 147
988 164
1005 68
124 203
502 70
188 488
379 381
737 847
761 761
504 499
737 528
374 872
814 854
17 107
1000 86
915 576
233 879
741 215
947 865
418 425
935 607
913 290
988 627
114 725
364 618
200 77
122 575
949 937
405 967
20 381
29 935
958 262
790 675
477 713
516 896
114 427
479 4
718 443
631 832
144 995
426 344
48 549
919 998
462 301
941 482
682 970
393 616
208 159
267 686
872 783
558 986
187 13
990 905
456 597
713 600
568 115
944 617
664 840
591 102
117 508
584 799
454 977
392 662
112 659
324 984
419 882
947 606
895 913
487 327
487 176
927 31
291 848
648 956
664 215
34 781
723 619
556 153
572 948
816 685
584 116
645 1003
999 568
585 870
458 48
174 945
224 77
976 515
925 601
447 565
816 482
322 516
77 879
669 649
803 461
310 363
578 956
342 553
500 927
399 958
975 573
879 175
651 832
691 552
409 114
94 201
596 416
717 673
271 363
299 51
824 609
414 378
541 757
931 18
660 307
976 612
880 832
787 507
640 454
36 25
569 130
226 141
546 944
815 818
283 90
869 83
699 259
462 217
1016 369
235 653
676 187
241 533
1019 4
16 635
459 52
660 4
182 887
145 729
807 960
523 66
26 368
149 726
627 611
943 620
981 154
249 633
341 490
142 337
494 159
972 953
211 609
957 394
472 79
99 255
15 622
321 42
990 470
768 593
58 687
189 15
841 438
648 158
928 791
495 399
950 444
328 137
29 262
531 501
341 630
756 356
228 53
398 194
523 142
788 581
829 977
596 646
392 221
805 296
1012 276
695 938
720 0
51 749
262 583
226 603
189 982
959 418
11 334
612 535
476 376
92 282
330 689
928 722
910 709
1018 898
986 690
812 682
690 863
408 952
422 634
531 612
593 466
6 604
800 618
115 253
995 208
535 301
897 439
1023 783
125 1017
657 87
683 445
769 349
284 153
277 707
788 808
295 357
251 301
961 27
919 53
280 890
261 815
167 134
231 166
917 356
160 550
443 843
995 188
169 255
342 446
962 106
231 233
463 482
534 400
509 430
453 790
296 714
581 464
848 812
630 741
144 790
267 587
610 238
776 779
494 94
201 432
200 432
666 663
914 176
39 400
606 493
166 903
183 747
343 8
536 973
749 680
740 1017
244 326
231 1020
81 725
90 282
134 290
715 800
953 605
976 992
1005 559
461 147
438 645
895 781
653 407
730 378
63 446
371 307
772 603
303 853
304 393
112 438
683 827
214 612
408 167
581 390
726 18
537 140
663 408
921 292
815 627
671 879
50 18
162 822
621 466
652 926
859 764
340 519
567 555
107 975
722 688
341 424
707 879
564 346
263 461
639 55
64 286
934 114
304 72
937 926
538 565
828 374
305 144
893 872
699 1000
823 397
665 141
821 348
1020 361
694 259
822 309
314 887
1001 900
297 914
802 835
455 606
185 760
750 54
608 426
31 408
823 696
549 621
20 545
982 714
804 781
0 95
644 595
319 621
471 616
512 249
428 967
855 613
704 582
668 288
1008 699
696 807
371 221
404 391
766 363
81 547
120 81
642 764
677 961
361 124
554 873
374 982
817 205
571 497
787 215
785 771
914 458
555 261
679 959
652 422
298 734
969 418
815 587
158 468
524 520
593 54
369 967
12 162
148 584
659 936
799 421
683 690
879 214
951 534
150 580
956 448
290 901
867 81
464 1
550 989
521 119
19 891
62 32
29 210
616 689
122 391
86 806
57 965
1020 1009
475 146
565 408
595 855
285 438
936 750
439 462
715 961
581 734
828 643
766 857
854 358
522 976
750 608
758 807
549 755
792 1
901 333
409 472
164 694
910 77
420 326
539 111
263 97
846 67
740 588
924 570
947 423
523 673
7 257
456 557
1012 225
558 890
558 967
338 723
637 225
800 34
551 315
145 814
412 991
881 129
556 781
699 479
180 198
128 188
456 584
745 444
809 279
310 344
222 649
43 859
874 843
893 401
134 15
191 547
1006 48
676 538
829 351
1017 1010
550 121
174 1006
706 919
426 491
174 737
835 396
362 878
231 212
697 101
613 832
116 804
355 98
852 7
637 657
358 630
643 908
752 817
890 434
712 293
925 886
6 737
258 368
591 490
580 265
591 169
73 707
973 428
805 801
435 418
434 793
25 54
678 777
871 544
187 560
837 88
422 843
825 681
187 393
147 767
658 738
936 731
421 885
135 202
662 570
621 73
339 646
127 1017
399 998
538 586
534 351
674 957
171 476
614 358
869 761
102 503
475 14
210 896
900 345
74 538
915 695
611 230
317 738
224 716
713 762
278 223
89 953
156 260
405 770
619 250
507 721
753 982
735 963
854 611
284 929
126 175
600 737
405 918
452 629
610 141
367 889
364 457
818 521
717 199
267 312
449 775
9 178
733 745
117 564
332 401
469 458
576 45
172 981
963 624
587 550
765 954
415 105
387 209
626 81
408 894
393 857
645 403
11 354
124 128
918 456
529 363
915 81
409 63
38 348
687 625
898 428
556 289
533 943
498 136
0 906
6 394
739 651
797 750
1005 921
878 900
353 383
239 244
464 648
307 503
997 994
104 871
398 660
137 932
580 635
44 580
518 50
974 233
701 747
984 682
644 838
558 998
198 798
218 662
422 526
141 395
496 246
243 895
906 380
803 462
1015 847
19 509
897 993
743 574
717 703
232 337
517 791
311 715
565 530
354 987
32 495
359 528
741 602
399 624
982 178
62 973
1 81
459 898
51 178
448 768
881 681
81 374
448 393
66 1013
923 420
976 955
915 311
459 633
913 859
233 871
13 295
821 15
377 256
913 428
434 338
172 291
1019 253
665 443
646 731
432 545
127 384
476 19
696 936
652 585
771 885
433 784
156 230
799 533
486 689
961 920
3 109
187 1022
363 852
441 1009
560 873
531 687
233 1007
706 929
919 334
491 666
195 924
427 352
130 202
885 616
891 823
512 894
932 699
892 271
527 309
257 63
158 788
751 392
771 433
297 667
768 788
309 963
688 736
291 818
939 153
410 806
976 922
677 884
597 545
132 101
855 389
164 1013
153 915
381 924
325 679
567 69
443 877
8 108
589 300
926 504
453 313
287 405
211 964
265 809
485 397
910 316
786 50
306 939
966 687
840 267
342 383
336 786
236 344
894 826
644 796
85 593
478 297
533 744
82 1019
117 992
311 904
18 617
819 984
281 635
227 623
1019 563
385 231
908 255
33 528
28 340
602 113
933 56
410 443
800 492
438 918
460 749
798 479
343 593
439 624
205 667
223 200
206 609
431 90
864 465
619 892
805 197
1006 714
253 392
133 30
885 571
948 321
297 722
800 640
291 216
240 496
883 463
696 65
48 104
156 913
569 775
781 350
972 763
40 201
132 174
231 1017
745 155
314 18
877 91
658 145
307 898
641 166
338 314
231 386
418 387
275 987
138 33
313 86
796 353
288 928
527 519
921 249
675 212
267 528
303 926
673 610
800 291
776 114
605 1007
501 1023
371 776
986 509
809 275
596 582
628 884
486 132
379 384
381 30
596 648
559 899
550 208
485 327
499 237
441 80
220 942
79 591
695 41
77 480
316 673
38 945
533 525
53 912
909 434
943 481
58 478
356 609
686 841
936 162
54 353
242 274
272 322
866 967
363 943
423 680
592 462
601 101
987 654
1013 872
64 932
329 122
386 685
731 49
502 643
211 556
997 453
830 245
775 672
188 115
591 611
795 159
49 372
260 12
2 250
884 66
158 189
188 545
874 920
594 352
539 805
908 512
234 715
757 1010
363 945
101 955
533 896
90 582
244 351
595 246
601 455
312 759
645 500
280 495
396 874
848 936
655 732
424 890
423 158
876 787
79 977
718 612
849 808
171 69
135 766
315 736
197 627
472 842
103 752
314 500
603 138
412 234
870 836
100 270
994 976
33 50
929 751
662 754
535 833
823 671
575 114
383 773
741 855
591 845
584 905
321 163
19 733
397 890
545 498
136 516
450 169
566 356
920 204
86 431
14 910
78 589
0 462
338 742
293 930
563 877
811 884
16 831
593 414
697 114
912 833
630 338
1002 172
694 898
377 781
305 391
667 384
980 667
846 295
385 115
201 948
993 1012
808 1009
819 377
399 492
492 287
301 98
626 279
271 296
153 648
53 459
15 720
843 995
364 665
266 749
780 467
674 749
456 458
735 251
836 110
744 304
398 21
402 0
301 673
296 454
297 350
913 312
46 732
284 410
373 550
136 130
1018 810
879 450
244 590
701 56
701 421
360 75
443 763
75 744
412 371
174 710
721 64
1022 768
796 282
154 146
833 290
276 827
76 131
253 321
722 954
377 399
352 738
474 795
477 549
515 889
920 689
575 618
753 574
362 526
856 516
672 665
807 948
468 883
55 721
180 777
652 558
152 1004
272 626
775 749
151 266
614 48
955 166
666 685
740 4
187 572
520 859
214 303
783 682
163 838
380 343
592 8
901 744
1012 149
347 763
898 498
5 489
546 960
655 188
621 371
192 808
943 713
643 133
1016 402
816 155
217 172
499 809
180 376
529 168
526 876
931 400
351 936
889 897
872 520
62 470
891 254
254 811
967 898
944 960
276 736
91 493
908 590
278 64
967 808
232 469
660 139
869 1011
51 735
885 924
231 947
370 99
177 624
910 121
498 830
57 775
543 148
244 427
739 523
492 682
307 724
127 967
864 996
955 915
707 816
815 939
739 161
14 916
786 924
13 260
730 70
11 249
219 256
677 958
779 145
616 62
869 743
5 709
715 960
601 399
752 392
314 467
554 328
360 316
228 373
576 958
444 588
184 663
844 861
597 599
1006 189
661 851
932 666
537 623
603 114
1022 331
506 312
799 36
640 135
352 868
508 929
803 952
493 987
591 313
824 164
912 806
353 549
633 261
191 146
885 794
260 883
102 767
172 901
803 812
12 132
657 520
37 436
449 530
399 16
843 199
181 731
1005 534
256 614
796 447
761 657
218 1021
516 320
764 688
197 544
477 209
676 110
729 713
546 154
219 945
171 38
120 352
769 101
886 1
715 658
448 452
291 666
450 808
986 190
472 159
734 949
368 386
35 74
75 581
228 294
502 399
332 622
751 77
723 614
78 415
248 527
867 540
169 293
324 132
484 796
291 194
722 660
581 757
734 656
315 962
951 817
338 259
416 65
337 115
679 415
530 928
942 374
444 88
667 768
220 127
540 511
322 238
147 903
996 881
535 287
820 462
80 134
722 496
199 35
612 879
450 118
783 369
492 203
457 136
971 677
263 487
164 585
726 312
464 698
169 1000
985 989
438 41
99 136
538 299
171 126
154 622
244 937
991 737
116 424
873 63
77 112
550 241
698 252
553 138
950 723
114 911
688 553
953 788
689 467
63 861
593 217
459 837
130 426
550 246
850 399
309 927
512 859
144 186
88 698
324 14
397 439
926 61
992 855
849 657
298 912
494 891
105 953
704 235
355 231
481 181
630 790
84 118
626 229
304 714
927 629
728 300
44 630
361 12
461 187
669 759
75 140
626 181
69 307
416 425
538 898
606 144
664 691
263 266
920 567
980 823
172 685
99 216
291 460
228 753
647 898
488 723
14 91
904 83
398 296
508 936
170 91
56 835
782 319
77 678
887 34
477 35
719 576
252 1010
12 480
739 660
354 204
359 368
295 239
452 693
535 960
605 706
27 661
517 809
981 594
463 844
628 940
879 323
492 107
310 505
588 25
141 942
229 500
287 524
739 739
193 250
675 798
956 703
436 449
488 393
20 952
213 648
868 68
972 337
176 258
842 764
283 983
682 513
459 969
13 174
684 207
424 336
1005 357
15 417
806 503
810 826
431 1023
451 276
68 399
613 244
657 431
1008 940
390 666
429 849
612 443
1023 272
650 423
608 631
780 623
25 563
103 835
365 534
835 816
810 903
191 399
123 848
830 107
765 196
773 170
21 361
613 20
634 239
444 218
871 200
842 896
763 945
707 105
455 518
921 242
397 89
641 520
937 448
627 678
644 377
849 666
738 438
686 348
678 106
567 525
307 385
397 46
306 80
151 761
599 49
1003 996
138 621
493 51
45 96
730 689
473 555
331 188
993 1018
536 647
100 79
148 407
464 545
454 770
626 605
508 201
654 487
173 792
84 666
844 129
763 550
819 212
81 126
400 50
120 937
698 221
1016 846
628 457
368 58
203 994
664 711
171 294
175 344
63 259
1011 907
389 750
433 184
962 514
310 339
564 431
252 238
652 244
61 256
701 429
315 905
399 979
592 570
249 767
914 312
3 901
195 392
627 628
576 566
118 886
905 683
293 133
921 945
377 982
178 55
387 493
960 786
448 528
332 697
272 223
1010 275
100 181
667 728
810 219
270 928
81 151
587 375
284 485
296 661
443 474
716 831
967 652
593 391
157 926
65 429
125 51
704 225
232 347
953 18
566 199
947 647
350 510
1022 634
995 295
272 415
769 988
222 713
617 815
80 774
717 145
179 842
196 883
44 429
206 997
447 772
173 370
395 523
881 394
134 852
689 406
243 434
370 465
123 987
257 204
737 974
349 916
793 546
775 837
975 981
810 398
729 983
483 626
495 617
454 160
1023 698
594 369
139 718
333 396
922 46
347 247
963 116
793 714
953 744
672 739
119 377
699 888
478 158
490 973
775 944
109 774
618 704
119 758
398 452
130 296
499 477
543 438
593 313
128 522
33 800
238 152
154 937
16 632
71 506
582 846
427 691
596 21
371 715
779 769
144 910
41 643
363 585
57 957
898 185
455 931
986 693
60 116
606 76
748 677
583 306
499 1010
998 71
7 345
787 787
91 931
673 132
550 12
717 607
969 591
792 401
499 754
70 559
870 677
635 595
330 194
901 830
180 875
901 188
197 664
975 288
571 624
420 97
636 114
705 473
983 180
203 29
739 50
706 351
645 13
545 522
843 726
374 720
914 571
361 865
859 932
465 255
6 77
369 710
659 51
159 618
231 363
648 971
413 330
298 34
343 843
556 162
545 930
883 435
477 220
276 312
128 741
568 134
819 937
845 454
988 1004
49 196
343 697
143 756
3 441
790 347
260 323
509 806
229 368
217 707
588 494
1019 717
211 563
851 6
477 672
461 441
653 510
637 996
183 780
729 186
197 495
533 458
818 19
240 24
387 457
731 976
951 726
669 139
266 496
145 743
145 606
160 798
92 798
770 275
554 475
462 752
971 995
186 765
1014 426
789 378
883 496
330 811
199 999
950 465
471 71
184 616
678 344
390 770
118 137
22 673
612 484
401 559
455 587
301 446
1013 66
824 872
563 130
659 762
105 585
203 576
657 387
169 311
731 559
57 850
696 79
499 285
563 900
844 1019
463 121
441 452
188 241
300 751
371 960
489 476
521 692
28 154
55 197
465 786
757 523
612 429
602 87
714 142
987 535
137 426
656 578
878 844
819 155
571 166
91 36
642 612
728 670
767 783
868 208
546 601
731 134
6 310
222 721
452 185
232 589
612 888
143 466
709 962
621 256
104 712
293 746
301 1021
392 44
781 236
252 303
837 984
437 844
270 659
541 722
845 773
287 433
637 430
899 322
368 497
579 472
185 872
194 486
869 586
530 626
823 783
929 636
743 343
456 1013
1002 997
711 823
746 998
232 360
404 108
682 772
605 237
220 790
85 414
253 955
1000 783
557 799
542 463
412 261
806 868
250 784
842 961
584 564
935 816
924 315
924 583
63 505
820 283
272 906
697 525
837 674
284 370
449 827
833 861
64 615
706 315
376 524
252 960
64 164
752 989
479 653
548 543
134 344
826 406
226 500
931 39
150 192
410 599
1019 219
437 59
835 119
374 187
643 627
123 707
791 875
672 246
504 196
789 639
541 592
21 767
68 953
807 218
121 193
817 116
412 230
175 223
349 550
410 992
153 533
676 944
385 324
166 889
521 956
504 38
524 526
805 592
455 588
810 576
781 603
692 170
834 867
393 159
393 804
128 546
313 804
466 698
104 633
564 625
565 44
663 65
570 445
657 1
9 443
577 791
22 245
961 856
89 330
110 120
5 424
924 471
98 4
80 662
630 645
707 269
710 253
714 343
255 724
786 832
491 809
54 428
641 143
758 633
625 869
753 630
269 653
78 367
658 158
6 264
804 713
533 490
966 224
834 197
948 596
6 415
381 60
843 1023
203 577
632 828
422 362
435 691
1015 513
35 649
671 41
913 451
754 423
942 696
647 752
894 571
324 900
986 706
960 805
705 139
358 313
967 781
675 378
448 667
891 483
292 539
524 182
990 254
605 908
951 228
636 821
799 961
697 761
643 633
542 324
772 900
637 715
657 289
70 82
956 961
565 224
476 66
406 443
320 1011
327 247
215 964
44 1014
901 741
751 520
350 269
844 98
146 457
814 803
746 884
885 678
821 427
903 274
493 285
717 813
273 20
37 488
984 81
479 861
823 206
357 149
476 177
248 622
635 38
401 357
922 263
12 719
690 915
993 159
176 686
972 449
707 1009
938 667
67 393
505 890
599 862
15 51
16 263
673 651
301 51
1008 199
314 1020
919 1004
911 888
139 64
551 87
513 234
73 427
901 140
820 382
6 396
221 21
447 237
285 97
888 586
148 872
786 462
869 681
442 756
545 581
820 72
668 310
306 741
737 184
881 534
566 887
930 787
909 353
0 170
450 888
756 598
737 518
36 582
175 478
314 721
35 111
793 704
421 76
421 134
260 279
668 826
142 574
590 27
928 590
197 354
455 954
953 168
448 989
750 624
444 40
321 479
151 90
159 572
166 581
707 426
860 351
229 1002
926 819
6 830
385 203
160 840
133 89
1008 582
55 734
182 499
775 503
978 926
593 114
475 760
695 158
162 531
509 391
509 411
186 515
217 572
719 378
388 852
467 373
410 522
83 592
1021 858
71 976
761 665
66 212
401 761
370 563
268 879
955 777
267 117
269 484
689 988
862 54
816 306
427 203
828 510
795 826
345 867
778 82
508 844
294 909
581 664
448 849
519 379
602 786
497 871
247 162
835 85
216 628
391 643
831 196
130 602
1022 475
445 776
557 953
596 851
838 153
491 263
1002 1010
642 580
773 115
428 1020
278 239
81 494
867 473
114 674
669 244
253 667
719 698
419 252
628 1015
79 442
144 570
705 122
556 324
702 305
439 106
301 717
346 383
188 189
856 302
864 501
546 93
144 241
791 563
493 395
554 572
838 698
118 519
820 674
843 498
980 259
605 257
976 951
640 140
116 472
442 980
973 988
49 93
205 841
656 698
212 186
246 26
884 364
546 680
15 365
155 995
624 760
228 577
687 869
717 803
317 136
760 267
100 809
360 306
626 1017
1004 839
179 227
865 40
591 387
720 606
753 875
577 353
611 806
930 274
651 624
54 968
760 814
211 860
599 572
142 202
565 123
17 744
350 882
784 941
246 481
524 999
332 77
328 944
883 235
194 510
859 248
455 595
38 666
431 638
214 574
840 779
697 857
500 23
715 260
964 961
741 464
936 50
542 241
994 401
476 164
912 311
413 343
906 451
1009 313
65 200
887 905
979 560
738 455
583 430
716 524
367 433
988 280
483 506
521 453
908 997
618 796
284 7
115 166
458 100
479 524
300 343
405 256
903 120
711 463
550 403
987 917
837 951
173 296
434 694
750 318
667 344
90 951
351 205
93 809
305 573
309 606
916 715
862 795
835 549
234 361
953 197
254 766
125 428
38 559
98 788
877 766
108 967
693 459
148 787
245 453
336 554
35 228
245 897
1023 56
423 234
417 352
431 672
94 556
76 132
91 174
921 968
940 5
911 610
465 35
373 710
489 709
240 524
937 486
398 936
542 821
146 960
149 578
608 243
110 684
375 202
858 272
146 775
278 34
361 743
69 734
429 558
419 669
59 332
131 457
244 674
254 391
610 403
969 194
646 55
878 1021
257 712
270 404
463 548
438 824
267 507
534 696
42 953
341 101
261 473
558 506
123 812
897 733
191 842
927 837
897 781
834 131
469 80
535 933
628 973
733 895
456 244
567 498
173 909
599 435
358 133
941 481
945 814
190 112
632 93
949 505
874 760
636 319
840 147
228 445
96 962
316 553
182 884
27 355
769 627
790 103
760 707
584 682
497 774
794 105
867 720
611 717
456 223
12 272
371 241
717 467
179 10
894 24
716 639
651 483
742 387
166 302
45 664
52 840
769 919
536 356
612 992
580 624
240 951
865 958
394 20
968 391
381 838
415 74
453 42
557 171
429 723
473 475
363 525
291 109
420 827
465 8
795 21
632 11
972 474
969 343
494 913
734 876
727 125
950 156
167 483
327 596
182 800
47 546
301 338
655 721
141 96
729 936
118 338
948 66
812 893
409 282
783 119
134 486
244 60
643 411
543 970
1008 726
747 31
248 24
370 903
746 511
999 451
424 93
789 348
160 577
217 569
860 1000
689 994
463 933
31 82
321 574
28 305
276 775
336 524
800 706
403 522
194 379
973 618
472 739
966 632
292 159
178 128
136 867
99 599
776 130
681 73
704 709
378 981
461 715
481 237
397 885
759 591
240 708
185 712
423 127
321 716
287 499
844 423
342 943
1022 94
49 679
168 754
364 546
711 825
237 168
38 635
29 797
202 269
482 388
982 905
515 279
597 802
778 418
201 96
337 199
190 387
878 358
117 219
905 828
20 118
996 59
753 2
856 956
271 314
320 229
196 835
508 793
614 262
187 815
358 525
1015 549
912 869
907 5
64 788
833 85
907 805
144 636
807 1000
568 55
291 888
284 487
700 793
256 290
31 444
81 390
969 72
939 857
942 822
862 1006
587 671
67 470
452 211
82 236
188 651
291 479
515 575
966 191
344 198
481 376
642 563
766 587
635 681
420 553
479 258
536 42
929 603
512 358
815 595
594 1003
222 885
458 737
436 400
929 781
598 386
133 217
949 899
804 561
556 201
90 11
459 626
54 365
206 566
723 1021
137 293
1000 359
154 434
73 590
834 1002
347 408
364 480
625 290
355 406
851 911
607 941
923 42
544 977
407 750
519 106
747 657
399 723
1016 553
133 65
120 967
43 467
351 408
948 977
698 279
359 525
167 966
442 66
1008 986
19 392
712 538
498 435
171 898
134 164
427 267
229 547
210 273
1015 562
681 939
515 355
194 874
880 361
816 298
427 800
261 446
168 973
985 667
385 132
541 519
296 968
787 526
492 997
799 483
535 456
398 26
811 592
900 667
954 692
965 357
469 202
804 637
152 765
280 537
897 821
32 170
766 819
696 234
793 471
717 304
927 91
331 714
683 207
357 613
900 298
971 345
501 751
982 653
492 239
166 365
36 198
535 802
1018 207
12 787
678 729
67 581
820 398
271 480
606 628
69 482
927 16
827 404
767 785
33 235
0 199
601 37
397 112
839 391
320 852
154 998
557 222
556 354
620 827
834 202
432 903
684 335
920 487
739 663
249 772
899 249
971 476
286 344
588 102
736 908
954 890
883 487
88 415
841 709
218 651
911 650
531 572
985 427
35 700
66 284
448 965
534 395
417 820
740 1006
922 452
890 852
318 749
316 407
140 133
92 359
785 1003
1009 292
551 971
719 587
647 785
871 72
727 381
467 120
178 183
102 76
635 993
929 954
718 221
337 859
354 429
194 115
408 179
407 960
126 102
523 774
888 370
846 591
752 289
711 930
473 814
1006 84
783 911
14 477
108 351
312 463
780 506
578 165
686 986
101 812
64 624
562 952
994 384
519 722
674 207
628 123
1021 611
207 780
498 222
233 607
573 546
46 330
28 624
495 714
586 596
503 651
196 41
579 166
426 75
889 76
282 493
199 279
80 406
35 579
628 268
162 178
814 208
508 843
832 1003
533 395
575 12
22 771
54 601
937 480
676 802
556 958
272 755
213 352
137 248
931 766
517 69
944 307
277 428
126 86
407 660
481 982
672 503
729 726
80 642
182 757
421 738
691 693
469 905
21 607
129 953
349 646
1022 269
954 276
697 56
362 80
716 843
38 365
322 767
67 402
385 250
135 806
988 827
475 434
708 497
17 837
426 366
460 424
635 390
700 308
446 38
388 139
881 426
504 179
169 571
582 554
821 717
337 786
520 812
196 204
285 213
18 711
579 478
112 190
868 812
498 290
851 886
429 708
288 933
888 457
481 446
1011 278
139 324
40 660
113 236
864 398
449 882
86 4
336 198
194 180
1010 692
471 837
554 900
522 842
810 386
275 267
832 263
545 971
587 586
607 700
822 448
75 248
306 161
252 643
359 447
823 345
115 270
159 670
147 681
488 957
43 764
200 875
3 745
307 406
267 106
854 342
354 136
503 606
779 862
29 579
183 145
849 342
815 996
1023 279
929 42
19 105
917 22
851 716
613 134
98 880
240 952
198 594
64 701
177 844
539 206
399 722
351 224
41 142
197 40
422 102
83 441
208 1000
464 35
692 53
169 790
933 410
718 107
1004 783
808 157
603 323
364 1002
21 715
202 62
858 399
103 256
502 186
697 710
162 137
745 855
190 914
621 99
300 316
206 281
75 1014
438 678
313 802
656 335
494 858
397 328
234 500
584 736
686 257
422 849
395 143
680 585
33 277
685 334
593 891
615 668
882 29
322 171
832 978
506 302
813 904
630 23
380 190
759 43
447 157
892 842
300 548
404 333
825 65
667 395
956 258
39 814
288 362
986 96
316 468
398 105
348 4
128 729
194 887
772 641
20 640
460 320
164 864
654 989
929 297
360 861
556 400
652 844
762 614
940 54
58 314
160 407
318 288
112 512
152 884
129 172
500 589
493 664
429 123
629 334
420 990
172 976
366 824
796 104
414 712
158 472
2 318
879 320
607 991
832 759
851 962
931 327
527 400
991 957
523 597
267 944
563 439
896 929
239 669
9 653
357 167
102 360
486 981
680 69
949 489
828 776
427 735
80 954
112 47
887 635
644 131
555 183
570 428
88 810
73 97
439 430
265 541
790 751
499 447
820 424
936 624
176 339
335 256
269 447
304 133
59 948
264 614
108 834
18 196
620 91
294 36
522 559
577 288
286 52
735 82
476 647
706 653
986 17
909 232
465 189
365 524
114 629
114 222
439 133
418 36
224 712
72 746
247 649
11 533
702 746
615 154
370 297
807 332
315 693
564 780
882 929
280 996
534 394
194 974
527 613
1010 752
301 58
474 549
707 485
58 385
208 674
540 578
971 323
910 262
1016 451
18 875
356 298
847 891
693 18
841 196
631 827
948 932
885 399
457 568
884 516
954 68
166 470
646 113
793 533
376 786
984 394
637 316
693 460
183 362
478 0
558 85
827 483
1018 688
882 451
233 742
967 163
811 109
633 433
223 402
966 599
164 926
993 801
219 662
238 402
0 716
403 559
802 206
18 796
895 900
223 104
618 167
267 405
276 900
839 499
278 781
74 443
684 44
220 903
706 458
281 707
151 684
242 953
891 260
725 762
136 948
866 754
91 109
136 368
1009 975
867 263
732 942
706 392
986 927
271 668
361 553
351 512
213 593
853 142
842 989
67 684
720 158
793 856
526 778
807 370
18 515
288 724
908 250
627 155
918 989
708 246
477 922
839 919
1002 669
37 821
634 104
481 330
263 251
162 789
5 969
135 23
461 423
748 345
673 351
500 568
316 185
814 794
83 629
689 61
274 726
882 909
831 340
215 70
591 378
859 596
323 995
620 784
394 344
105 44
695 606
612 1012
791 402
782 874
7 447
935 282
149 794
167 980
110 382
26 701
760 886
273 60
857 893
844 227
213 950
271 909
532 883
897 299
261 655
149 269
78 60
551 227
854 718
184 964
76 210
641 837
72 915
897 929
784 717
133 998
643 404
883 151
264 756
450 525
387 599
794 465
660 321
692 490
15 876
431 92
63 48
929 135
963 802
41 724
495 174
698 115
578 557
266 842
289 717
344 676
292 114
117 952
436 809
419 451
662 850
543 725
898 448
860 838
226 901
538 722
51 212
837 630
769 79
448 34
796 792
710 65
907 827
1017 319
612 412
770 250
238 290
975 113
738 812
951 965
689 465
663 741
677 476
347 422
555 795
456 328
564 142
393 447
969 386
766 557
799 512
808 13
802 759
126 517
547 53
458 213
518 97
954 171
573 277
593 104
48 25
432 612
167 825
35 112
188 801
670 987
290 454
1000 68
189 103
585 737
156 19
950 675
116 880
846 689
133 416
794 181
441 202
794 609
4 829
721 192
607 367
155 897
821 131
965 1011
234 527
724 391
546 650
42 663
506 888
328 639
280 98
820 722
301 590
307 305
396 4
497 1003
372 652
876 169
783 817
156 1018
320 880
385 867
506 427
506 1012
291 834
627 572
933 424
270 210
1014 577
515 386
581 1012
365 953
640 217
99 399
11 255
393 331
112 778
174 618
181 680
607 473
491 210
21 400
634 291
610 625
868 101
1011 425
89 353
355 729
570 454
104 581
709 498
913 821
252 63
416 434
744 1023
907 211
209 928
611 844
195 197
445 39
298 432
464 387
785 819
92 332
249 196
913 959
694 802
756 947
866 148
357 586
147 240
797 357
144 384
177 339
581 622
378 879
30 842
242 816
638 334
124 887
530 13
822 201
816 555
124 658
703 481
220 851
721 1017
184 865
377 361
180 958
983 558
813 1013
376 31
805 1014
365 929
878 895
943 676
72 735
207 196
369 911
677 589
738 374
582 922
215 959
259 395
893 218
953 682
207 306
713 1013
296 54
918 150
949 837
827 1022
548 10
194 917
921 872
482 635
222 40
533 438
999 792
833 868
1010 763
526 194
45 215
183 341
269 77
492 195
915 295
193 439
305 387
333 203
235 815
838 458
856 348
896 831
116 705
676 103
444 178
297 489
394 480
831 663
557 299
858 448
594 27
888 899
415 197
78 650
1012 917
84 844
241 980
652 357
662 304
460 82
482 757
572 876
213 379
516 771
678 350
195 248
378 59
123 793
256 202
419 245
95 504
65 336
460 717
693 98
1021 130
181 480
887 753
108 848
848 786
175 19
10 553
79 133
322 335
335 741
580 430
221 646
766 682
339 436
780 337
566 961
817 429
690 125
506 798
974 330
560 125
350 570
678 429
704 1000
764 15
717 321
446 939
967 188
597 282
624 353
619 166
291 412
596 981
538 78
756 488
409 292
613 759
863 267
164 543
243 928
558 960
225 1004
875 168
169 448
451 793
802 46
960 69
459 532
26 997
610 782
461 1019
51 50
754 914
317 918
433 560
823 991
496 24
972 348
193 117
796 644
910 574
690 846
643 125
354 670
98 965
428 559
960 479
609 691
369 926
585 802
462 384
770 959
409 718
283 602
835 55
630 912
544 249
14 898
919 112
839 324
672 776
803 257
443 149
160 4
951 622
389 697
557 798
391 840
376 202
896 598
924 502
486 444
751 500
318 647
971 261
910 750
518 329
899 678
333 827
277 722
500 834
496 892
651 872
70 523
446 994
1 933
414 752
409 733
375 1022
867 322
259 753
49 778
58 948
432 391
751 709
90 228
520 586
96 147
435 166
670 881
137 671
790 551
399 176
260 775
174 103
73 434
856 122
188 914
47 620
282 798
306 372
2 826
958 98
973 369
265 619
227 402
266 1017
953 665
169 190
416 344
293 490
778 126
612 966
16 659
562 298
434 868
670 436
670 605
535 619
974 800
214 177
178 480
171 107
122 340
297 538
684 591
4 438
717 617
380 733
252 943
8 686
787 678
99 434
259 634
410 244
387 588
724 558
695 846
899 993
361 559
560 365
998 253
982 354
986 211
273 994
897 37
649 996
471 908
606 500
94 1016
744 482
580 445
16 252
267 915
221 628
451 781
994 425
10 952
779 996
139 29
967 13
66 592
1009 537
476 592
13 571
584 758
29 141
179 45
393 446
961 614
51 388
371 21
813 381
973 568
353 89
597 296
102 663
888 87
176 341
679 190
912 240
948 941
381 103
986 774
549 923
364 600
287 735
621 76
92 571
645 445
660 218
742 762
882 606
849 34
947 505
224 835
745 148
752 102
251 715
876 801
614 216
377 902
951 999
978 19
546 599
464 182
818 182
944 676
789 769
710 712
250 935
524 995
59 252
73 311
967 949
88 558
141 465
436 68
440 390
87 986
990 552
144 784
734 64
436 499
834 122
188 60
33 712
32 93
964 105
404 908
31 492
442 172
957 878
241 374
244 328
336 210
880 481
994 591
545 406
66 355
529 254
416 562
966 448
655 907
553 35
791 584
527 209
757 461
63 998
835 307
302 147
518 159
628 488
750 150
895 816
505 400
47 921
962 1013
345 594
896 899
629 663
459 133
872 192
594 935
166 405
219 469
552 737
628 157
201 354
307 72
146 812
472 193
710 411
183 31
1005 55
930 610
719 366
743 567
558 313
479 725
718 698
170 247
411 798
404 612
128 711
685 274
499 133
468 185
544 651
217 525
706 123
112 401
489 855
969 24
145 424
749 863
98 919
86 509
693 490
97 821
177 782
71 677
916 539
862 436
166 55
962 873
179 50
250 668
905 195
692 26
619 417
890 717
312 976
202 1005
443 300
802 620
58 874
273 974
389 112
387 556
167 325
405 346
375 655
1015 256
851 683
283 446
77 149
140 389
101 342
371 544
642 149
141 701
1023 414
651 389
526 14
945 694
339 326
16 714
981 7
971 808
691 230
231 768
379 371
133 480
713 504
1 332
654 142
556 660
18 59
675 963
753 1014
265 769
705 223
777 652
7 444
882 238
188 237
609 321
717 299
826 718
631 456
860 640
85 393
276 104
452 951
43 181
942 309
950 623
532 703
251 539
123 109
778 311
346 363
633 39
662 435
758 269
891 594
909 976
987 162
56 415
89 100
596 7
409 523
630 941
202 881
456 326
990 210
637 312
574 246
352 212
681 86
482 548
680 367
501 644
529 557
35 619
657 632
626 42
131 233
983 333
90 416
659 57
626 273
369 176
519 721
389 177
807 871
725 464
214 202
84 744
760 119
339 393
751 965
436 882
174 395
192 265
811 851
322 414
100 691
590 620
389 979
797 172
826 498
636 17
701 720
761 437
840 76
830 567
17 242
426 192
638 618
457 425
445 779
839 546
446 406
142 835
361 939
1008 164
413 620
181 90
317 942
527 133
1018 334
700 11
576 102
203 190
720 660
616 142
415 431
688 862
837 830
673 175
745 657
339 134
254 520
225 571
438 752
704 432
62 380
443 639
483 647
829 179
283 421
321 699
853 1009
537 666
815 186
841 536
844 156
671 74
676 896
645 90
624 325
522 687
705 966
302 164
589 107
344 872
529 665
547 358
651 60
0 442
247 842
979 67
998 626
141 651
498 786
741 98
87 240
785 792
182 63
957 771
171 277
619 700
942 143
34 569
203 34
1012 450
876 967
517 851
569 658
478 43
420 195
141 507
435 927
276 617
990 209
364 137
486 984
837 404
103 871
974 306
906 962
757 758
905 250
585 450
909 39
493 305
235 634
813 670
537 65
264 504
274 628
641 760
588 455
140 691
302 90
998 184
28 731
943 933
981 504
359 866
544 852
148 779
463 961
425 1000
2 689
480 276
294 98
12 882
553 152
550 855
243 524
16 271
231 959
181 188
439 540
31 983
369 179
738 832
116 140
808 118
829 265
394 99
363 406
982 916
558 508
747 801
8 763
49 239
698 230
427 114
770 458
73 115
637 812
947 753
952 732
871 757
997 241
857 336
647 815
228 182
299 975
983 307
715 8
546 389
238 973
503 1009
408 577
100 21
365 24
775 293
756 622
26 729
864 883
41 487
674 269
669 973
220 629
256 935
637 802
301 876
752 804
861 136
357 961
157 722
985 932
1015 717
531 18
422 371
901 463
858 552
732 504
501 953
109 758
864 746
536 141
598 264
946 435
400 279
373 558
1002 334
466 993
28 997
1011 450
344 889
914 179
417 622
683 918
551 792
652 392
514 165
533 89
429 455
524 830
735 897
364 713
208 830
682 236
804 670
686 124
535 576
303 952
175 986
846 726
754 475
94 245
640 628
334 45
59 858
875 794
732 215
483 940
22 142
152 826
812 838
950 323
391 230
251 566
192 73
268 947
548 363
168 164
991 502
210 26
336 61
821 44
277 280
984 299
422 112
101 210
951 27
533 318
257 784
884 450
858 128
373 382
491 541
547 458
19 757
485 355
818 282
400 71
562 360
370 985
473 471
171 400
499 705
718 756
465 578
182 299
706 555
682 174
72 205
632 91
962 93
447 756
375 847
828 938
183 174
899 656
646 46
32 121
751 750
877 193
304 36
492 1011
591 150
161 664
355 793
755 293
887 178
26 238
1 854
152 185
4 27
841 650
74 874
771 825
600 625
1018 905
661 487
892 228
637 29
892 993
822 624
262 685
802 288
924 804
118 52
989 123
80 806
773 154
656 521
979 233
122 974
114 783
437 1006
1011 50
11 880
19 833
480 282
495 258
570 395
38 689
447 3
812 527
810 561
681 442
58 637
675 180
587 789
963 0
771 951
50 782
807 70
592 263
352 63
521 922
458 560
587 905
563 375
409 349
937 66
792 995
703 443
152 266
209 91
266 980
18 317
739 825
387 307
64 739
370 586
637 828
122 201
709 685
576 94
11 489
161 803
461 864
222 613
107 431
704 373
388 723
690 103
524 53
410 589
792 780
151 406
584 273
607 269
958 159
364 969
649 525
748 86
365 971
699 472
378 379
846 766
78 512
869 603
566 255
168 334
11 319
740 595
592 323
865 526
483 205
472 108
730 196
194 71
143 893
544 522
248 366
264 327
878 110
930 420
365 74
755 377
393 471
972 985
795 813
487 254
1018 959
362 724
132 556
796 275
425 316
797 673
682 38
1000 536
148 906
957 513
980 688
890 349
135 839
310 930
628 798
160 623
733 522
323 865
54 95
117 479
411 914
129 69
952 105
1012 539
590 968
203 456
294 338
271 604
245 900
378 405
499 88
928 822
953 982
918 46
438 305
961 567
375 889
672 981
966 660
496 532
605 699
988 899
13 236
112 858
664 611
946 568
409 875
526 303
922 964
609 859
507 984
724 156
941 666
816 413
174 397
88 139
272 101
375 752
360 487
586 0
74 508
568 483
359 70
787 257
11 372
92 518
332 817
674 249
459 467
662 634
864 750
773 113
851 124
865 187
611 427
187 685
935 755
144 270
826 931
528 837
279 620
331 611
413 1006
860 873
449 498
483 289
224 232
402 52
356 243
239 967
670 427
628 581
158 772
852 984
680 356
797 959
976 105
547 366
87 383
215 536
882 698
825 82
930 204
134 262
447 374
205 94
801 833
675 959
581 503
920 237
859 693
173 812
798 720
154 885
79 369
397 961
43 199
20 973
403 154
211 850
528 416
944 305
225 596
241 806
75 137
20 935
830 193
723 605
913 877
466 992
222 864
930 265
39 950
214 442
80 425
268 609
841 189
914 42
785 131
848 860
268 868
771 75
37 470
680 950
323 122
919 545
986 825
810 1
751 0
443 831
425 712
416 242
901 307
284 662
438 109
498 707
977 246
782 1015
716 438
941 16
560 836
561 523
637 348
524 364
348 968
172 774
656 588
1016 533
895 277
171 310
386 669
1017 339
915 775
330 608
189 248
624 749
60 161
248 698
509 773
38 858
717 210
608 349
799 600
882 670
877 29
980 239
698 973
579 590
724 909
174 913
133 798
639 194
959 887
892 445
636 930
279 329
117 887
678 916
463 536
562 317
565 519
556 240
468 111
830 169
1021 1004
58 130
778 697
324 713
561 192
134 173
99 413
503 216
276 157
108 740
694 670
165 589
475 634
701 281
803 698
261 861
828 15
535 129
729 72
321 863
245 420
253 748
636 529
906 744
245 576
391 278
811 556
868 263
166 545
544 969
219 806
807 23
821 318
152 526
390 474
366 635
894 619
360 507
124 242
227 370
818 618
648 605
151 492
868 317
13 389
263 232
171 46
256 992
364 408
495 754
882 861
365 753
456 725
236 580
967 463
950 761
58 575
343 209
43 187
526 57
576 789
289 747
835 545
716 175
954 187
929 812
24 271
541 480
996 777
36 940
217 987
677 275
538 1020
484 581
184 1010
638 760
776 928
484 587
449 176
763 379
363 668
168 387
939 709
867 912
463 903
828 680
866 481
955 380
478 415
962 662
401 576
398 153
480 882
741 930
34 480
285 397
124 453
784 40
139 627
952 602
507 756
258 349
213 189
730 691
604 668
329 1005
220 728
135 701
586 876
607 621
332 892
1018 456
322 779
496 461
382 424
39 889
156 297
215 370
486 945
37 66
589 367
47 809
71 182
486 657
34 69
254 366
962 249
823 260
4 295
721 386
720 760
252 876
33 467
222 519
388 260
585 977
627 632
762 698
815 225
331 849
294 586
192 232
835 1015
492 839
286 189
201 1006
949 453
859 982
920 57
477 284
317 38
237 944
671 1000
618 462
201 950
287 495
512 479
728 323
470 196
138 757
386 339
739 311
793 574
270 689
632 747
974 949
786 187
870 433
163 464
895 364
390 158
860 902
638 564
201 84
760 339
841 122
679 557
434 448
107 704
113 739
427 63
665 189
251 511
622 414
975 493
779 342
652 615
220 266
155 422
350 915
761 168
14 416
725 448
864 832
128 978
548 555
17 189
745 268
700 343
683 651
837 438
993 465
29 190
731 184
612 57
75 349
225 89
766 950
537 606
759 665
560 283
197 578
472 942
846 148
261 505
799 74
943 769
539 972
959 246
132 547
304 208
896 529
297 638
456 835
221 191
476 781
474 673
335 946
591 158
70 853
663 869
927 583
614 443
531 549
689 664
72 993
872 969
499 145
583 955
980 804
122 433
562 596
82 897
518 674
31 588
503 695
433 406
254 24
849 785
573 515
425 646
484 273
591 983
419 150
914 375
955 12
808 493
608 891
366 102
541 398
690 20
69 100
426 323
124 252
84 697
767 510
319 227
783 910
187 178
37 77
554 992
90 338
461 698
205 827
801 746
201 467
766 270
567 169
593 691
421 678
365 164
164 684
391 947
571 578
102 608
656 656
576 746
994 13
420 176
840 197
922 18
665 665
288 208
834 882
900 231
536 241
395 700
925 786
623 472
341 725
56 997
357 632
719 328
645 115
504 462
313 402
480 978
43 768
162 877
626 38
84 138
279 479
838 181
242 438
653 583
139 710
556 497
318 251
825 964
366 305
402 679
707 882
633 751
626 796
604 229
834 689
367 90
144 182
271 386
620 924
969 759
610 501
232 929
752 33
869 95
338 247
774 22
105 384
773 731
156 353
960 990
18 304
56 163
486 327
549 82
228 495
841 838
996 50
743 725
83 588
820 422
835 570
444 940
954 193
648 86
546 584
53 565
888 109
728 350
437 253
432 665
748 250
479 721
300 199
422 383
787 218
805 599
788 225
515 719
418 139
805 965
724 858
506 588
968 210
939 381
463 347
22 188
597 501
909 897
700 307
257 464
525 38
39 289
264 554
1008 682
694 790
623 394
624 105
982 568
315 897
949 779
221 971
967 818
449 852
692 125
135 949
589 660
987 628
949 227
159 934
910 853
700 509
223 300
615 181
869 930
55 794
685 276
742 628
70 167
456 762
292 591
687 882
227 651
486 153
878 645
63 764
474 763
250 697
39 865
879 908
771 934
679 433
186 397
37 256
564 494
1019 856
61 682
714 289
309 177
442 164
822 505
928 273
244 154
970 283
1019 825
168 767
735 847
176 921
220 213
154 784
707 149
616 769
831 307
34 117
484 476
281 282
981 185
555 201
340 502
484 335
303 652
78 15
475 254
936 695
468 66
455 151
215 48
920 23
355 954
140 839
406 421
97 363
606 653
564 946
131 25
258 434
677 336
449 129
591 362
824 35
428 256
186 644
304 83
667 659
13 807
474 420
204 571
783 810
200 324
733 331
349 991
766 2
303 191
131 894
553 956
929 982
188 92
602 492
175 245
127 188
28 601
608 232
148 368
18 349
692 751
680 17
718 422
19 1022
614 151
892 143
83 798
101 271
890 703
763 41
948 890
229 976
467 838
184 615
182 203
964 874
954 621
891 649
19 910
647 633
37 515
777 120
289 878
391 155
558 130
196 482
1020 426
435 463
240 619
55 422
822 1019
272 753
616 139
378 636
25 1
245 63
516 1022
183 806
877 575
961 411
705 134
893 702
560 304
141 800
924 196
198 722
192 470
451 808
609 829
420 634
830 666
697 323
664 881
105 517
432 42
928 113
176 798
815 736
78 957
512 1002
129 710
701 321
156 128
106 765
958 526
376 764
168 49
63 833
930 168
326 338
211 231
452 387
5 243
100 83
176 612
62 306
299 763
627 455
891 733
197 825
236 573
566 404
622 629
213 529
798 540
867 1009
771 295
372 776
539 472
859 715
61 921
1021 360
660 625
815 528
334 1012
329 570
561 895
975 160
501 164
689 275
704 532
260 451
828 632
203 343
81 39
34 142
960 32
502 597
657 293
101 991
282 430
538 843
302 489
1003 803
653 668
54 334
177 314
785 1005
946 989
324 3
4 358
145 964
390 647
537 23
941 638
1015 199
45 529
18 347
1018 1022
126 647
666 180
981 843
494 743
824 416
708 124
420 712
483 565
652 873
189 166
897 106
804 888
305 849
393 323
172 387
321 298
10 988
478 992
807 972
711 608
365 395
732 785
83 191
326 735
41 515
901 938
621 682
802 926
507 171
226 680
558 547
978 568
511 433
536 295
381 223
903 746
618 611
507 701
803 834
413 844
325 290
758 947
972 536
849 456
707 51
112 241
599 66
809 86
499 322
381 881
545 260
603 140
872 87
841 651
921 230
471 222
521 205
145 469
741 995
925 424
22 13
665 621
80 450
708 579
772 65
436 294
326 16
434 174
103 251
825 0
482 272
222 1003
477 368
448 194
339 350
618 361
363 259
983 443
709 667
1023 458
732 435
752 34
451 162
208 554
413 9
554 895
281 777
874 758
121 299
952 460
649 546
821 1012
805 780
432 491
423 431
949 132
866 677
166 294
839 375
848 228
384 379
100 666
132 974
400 253
249 329
713 898
875 510
887 657
267 295
124 690
726 49
822 568
726 989
862 541
340 687
769 724
42 869
366 174
820 767
427 45
72 116
944 947
626 807
580 893
78 704
560 804
753 358
348 455
323 187
996 663
874 742
364 916
587 730
66 383
473 493
429 545
609 349
469 211
132 25
81 210
730 641
1014 459
999 338
915 299
525 887
962 375
605 302
267 169
9 333
552 482
826 981
4 411
306 473
623 438
498 704
648 204
321 638
664 296
977 555
595 478
418 534
854 0
836 97
169 845
431 721
304 233
679 308
645 985
781 244
400 255
948 24
460 245
663 100
541 616
655 113
70 49
647 924
49 459
1022 218
281 429
940 585
662 595
893 283
556 650
527 956
905 451
981 341
696 620
441 214
212 72
327 282
183 171
409 181
390 690
610 306
251 248
901 120
532 433
770 35
366 652
487 323
943 411
373 131
483 700
413 605
650 596
777 36
777 143
726 363
449 978
612 326
74 120
759 845
155 101
473 642
424 442
802 343
853 151
474 313
852 888
918 478
460 671
514 214
814 217
577 239
171 165
565 245
285 301
66 441
402 539
59 827
982 861
146 811
1013 621
100 841
485 1019
295 945
666 810
135 457
3 713
696 174
878 238
419 140
539 486
581 941
1 640
744 983
478 891
771 467
488 871
284 973
866 579
894 509
365 6
966 368
719 638
542 573
876 962
713 391
424 270
309 425
911 29
385 365
920 132
832 384
1003 92
333 846
671 204
331 13
381 929
911 924
478 764
862 168
131 262
438 440
687 325
470 48
690 366
180 498
751 160
590 60
1006 238
264 313
251 474
586 632
379 473
532 858
213 370
2 345
632 440
785 296
766 231
344 432
598 525
931 325
685 497
385 667
735 650
980 986
100 542
595 480
1015 103
314 205
474 316
550 82
756 311
378 498
543 723
931 117
224 838
442 909
311 827
552 23
453 508
1009 554
26 580
10 17
684 324
222 134
640 772
216 372
60 595
871 603
294 778
720 518
592 138
403 903
965 955
926 395
439 912
949 465
468 959
482 128
259 705
262 899
453 479
247 513
50 94
92 344
872 812
862 440
950 241
320 892
172 222
263 611
110 188
52 579
123 534
707 382
215 970
257 669
425 504
158 475
599 251
819 447
39 657
888 990
898 184
858 46
406 97
657 517
285 709
72 408
219 779
790 435
725 23
80 126
527 238
601 102
489 396
550 529
29 414
495 927
598 329
973 1004
426 606
497 711
291 569
95 511
325 885
946 26
908 2
153 411
240 754
514 730
127 40
235 156
454 730
60 28
35 9
8 461
616 506
148 907
51 243
394 376
104 316
403 1012
318 556
399 559
286 913
265 413
953 500
570 383
206 630
411 241
639 420
702 231
926 850
115 977
69 509
330 173
826 733
161 120
265 560
679 551
450 944
965 379
420 511
763 626
117 150
867 756
570 545
988 472
371 79
426 440
588 756
613 390
465 774
511 730
311 166
257 761
87 198
116 507
709 879
110 826
6 977
559 576
499 523
25 870
602 451
287 166
183 900
557 648
651 44
354 962
210 611
699 297
810 815
805 495
671 915
298 677
868 857
229 343
356 254
190 958
705 477
100 888
353 657
512 1004
701 866
942 912
454 617
185 240
409 990
735 56
881 9
733 726
866 962
45 198
193 235
132 898
712 233
763 42
890 251
22 568
94 965
456 548
558 641
788 967
608 499
1023 465
509 732
167 351
671 213
550 864
448 682
738 137
915 477
179 782
729 201
326 823
142 782
347 701
399 111
644 1007
610 644
449 95
352 616
447 1023
829 997
863 254
655 578
391 547
31 570
305 760
771 631
559 914
389 906
591 788
1017 211
772 604
855 197
699 184
813 122
183 619
95 23
873 751
601 240
274 632
810 579
369 557
186 928
447 575
811 14
339 804
226 87
384 57
284 60
241 74
182 425
693 278
448 542
5 25
782 279
657 568
858 2
101 20
931 549
595 718
563 934
498 789
1022 883
847 282
943 64
356 101
489 25
379 937
567 384
962 325
663 596
893 497
598 995
517 505
520 88
199 59
849 1021
557 672
279 476
736 636
577 202
661 957
115 205
317 54
530 981
650 400
454 224
371 972
730 891
36 929
950 35
603 775
32 136
423 312
612 136
948 166
338 585
99 453
790 416
507 297
373 133
697 828
358 44
776 64
935 812
993 861
848 573
613 880
709 12
168 298
148 92
464 486
678 563
940 444
979 423
741 329
557 414
133 915
458 909
979 369
697 948
207 521
497 820
378 183
832 546
481 981
639 945
443 293
484 359
737 439
783 455
768 316
869 901
207 304
786 162
673 460
86 880
981 584
676 335
767 485
882 224
442 497
145 885
790 629
221 503
44 1004
958 813
296 804
690 503
84 453
665 757
913 751
614 870
311 266
182 54
751 40
278 169
537 423
31 303
28 252
806 73
232 741
886 528
521 552
7 605
1005 672
338 894
399 952
741 711
195 923
765 946
963 20
92 476
443 123
779 472
375 561
545 607
278 407
111 799
959 118
380 941
790 719
811 165
647 528
876 842
427 618
765 366
638 857
842 57
980 597
529 331
135 50
938 413
457 25
189 393
143 569
310 933
264 97
74 912
626 951
730 29
545 471
396 159
304 214
216 260
812 746
591 947
796 505
336 230
530 525
623 673
71 933
582 335
6 657
223 632
584 954
662 105
401 34
264 706
248 480
966 36
202 534
983 999
15 296
205 546
821 828
195 892
737 778
204 743
411 427
352 995
357 1014
76 759
24 340
441 272
820 383
309 1023
917 268
998 933
564 179
455 362
1007 650
230 720
404 434
439 815
862 791
786 195
781 862
954 805
178 371
54 999
755 363
998 648
631 972
557 172
127 1012
534 110
639 764
830 19
835 13
13 597
208 794
436 139
576 614
510 630
589 241
993 563
890 600
511 423
772 638
412 282
748 27
23 554
46 198
800 881
211 813
455 419
583 891
558 135
481 45
765 47
286 734
610 152
311 98
576 59
736 988
342 461
1015 365
1015 37
563 791
919 774
580 350
169 140
217 728
275 698
773 17
745 35
751 332
188 38
430 764
98 142
728 440
603 719
805 595
756 344
362 651
94 943
1001 263
59 194
991 334
893 740
351 614
776 79
946 964
117 352
704 215
495 408
655 74
103 436
669 859
780 8
487 874
951 464
114 1010
659 81
320 528
822 672
118 574
751 41
514 868
393 194
60 888
602 715
963 705
128 608
540 908
616 3
759 543
468 873
529 103
954 850
631 752
498 749
302 225
790 816
69 160
1010 129
24 588
845 987
269 973
572 810
857 164
813 592
708 257
441 213
360 372
39 991
100 537
717 403
762 483
195 832
643 182
961 668
770 782
631 16
731 179
826 565
344 615
133 28
873 575
241 209
947 281
177 23
818 894
426 557
353 622
365 997
804 302
641 550
61 248
566 792
428 368
333 772
984 467
800 833
18 17
18 965
298 195
988 93
65 391
650 419
1013 1015
392 793
293 9
319 354
257 886
123 685
230 456
433 190
923 209
1023 941
227 18
882 525
213 847
618 279
214 244
698 203
235 66
996 529
75 291
883 332
153 1006
1018 384
439 427
574 338
637 574
256 864
592 114
365 805
961 984
60 151
204 758
354 440
824 326
969 899
618 828
208 771
811 202
131 226
629 706
564 242
256 820
82 848
935 448
629 872
408 690
0 612
424 354
28 225
681 997
100 275
802 308
22 589
510 154
815 116
860 355
358 92
152 441
940 63
889 545
935 273
211 935
885 636
266 914
861 947
887 961
198 665
246 220
230 756
374 21
872 210
377 207
302 529
648 218
592 513
764 503
786 975
415 647
587 681
537 424
604 401
362 802
42 608
1022 273
340 373
294 189
583 671
396 886
176 20
80 768
533 844
248 295
796 663
942 359
320 456
784 924
857 122
702 899
730 700
148 46
49 443
235 633
90 631
495 267
651 575
11 160
396 259
455 168
922 374
527 218
830 287
118 663
409 820
538 115
497 687
162 546
106 397
155 196
5 650
463 656
202 475
817 598
734 248
766 633
622 269
851 428
557 970
67 966
766 606
58 239
269 220
786 375
617 941
571 622
568 11
255 770
486 48
344 196
296 86
829 919
355 657
323 912
603 391
855 345
997 913
585 242
109 347
617 726
264 164
325 832
175 580
578 661
628 922
858 924
1008 663
819 340
296 119
228 899
510 59
221 483
972 806
725 57
129 318
784 393
482 85
202 658
665 780
295 269
679 129
169 663
793 989
1003 65
84 208
965 594
267 162
53 216
968 778
273 73
72 33
466 554
118 668
188 783
425 484
28 80
613 198
743 382
163 723
448 247
931 389
841 174
551 894
390 495
648 664
568 720
697 10
250 816
679 439
575 80
923 604
160 512
802 903
895 965
602 319
188 509
708 5
684 235
899 50
730 523
714 274
219 388
284 469
180 963
908 755
19 807
335 179
296 113
59 167
54 661
486 242
147 170
247 831
405 122
645 572
385 864
960 669
310 116
609 194
871 628
1002 183
808 274
296 867
441 351
504 927
593 651
73 841
458 478
963 316
589 585
888 974
425 824
619 735
940 204
833 908
970 617
158 243
460 599
594 964
502 163
592 575
1004 26
29 944
342 618
505 206
568 930
6 163
642 946
368 548
710 177
432 656
794 590
899 230
165 469
170 667
633 762
218 613
789 247
533 107
865 14
314 409
945 320
572 563
243 940
87 953
93 519
585 887
85 461
93 250
930 264
917 539
2 111
129 791
358 662
899 199
677 189
608 598
509 156
137 752
73 224
681 166
743 243
30 828
704 123
54 610
387 971
126 390
58 255
157 416
917 32
615 570
221 199
144 731
355 281
459 428
505 117
360 625
28 40
748 82
650 112
29 776
502 87
7 659
503 925
692 94
471 913
293 616
620 649
897 56
53 379
173 648
603 533
249 632
573 998
714 199
86 744
976 588
831 983
223 311
884 915
405 332
805 699
948 401
324 821
457 377
176 630
2 780
139 251
388 712
225 78
822 864
899 630
823 99
941 684
1014 322
1016 795
1021 940
173 321
737 630
699 914
237 701
670 376
952 34
65 154
112 977
465 935
817 341
440 458
276 430
780 268
202 778
184 375
75 922
1005 774
812 218
451 458
595 380
492 660
534 604
613 999
515 406
316 32
1022 756
490 275
163 247
543 365
1 728
740 76
626 721
851 414
940 278
872 511
658 340
147 168
944 760
144 436
142 460
468 140
193 959
415 356
182 959
721 183
663 437
259 265
134 86
679 50
365 527
561 1023
867 708
168 787
444 312
199 586
772 668
727 965
603 118
297 785
53 1018
968 716
431 203
981 566
290 636
616 655
139 154
654 1006
862 822
770 283
110 969
869 883
613 572
824 192
691 98
977 744
92 921
437 524
101 394
66 391
7 682
22 146
836 676
129 675
475 899
958 585
844 803
444 434
352 245
626 19
343 580
763 435
477 176
959 578
571 1
969 578
684 991
724 496
644 853
147 95
728 81
680 549
885 101
983 213
346 585
232 689
141 995
100 619
148 36
173 719
37 119
273 721
86 997
194 730
827 341
825 531
423 482
56 284
583 15
497 929
601 729
594 742
700 694
337 848
730 511
543 768
630 816
465 716
790 659
423 593
1001 224
100 400
706 157
684 265
172 157
170 773
886 764
492 562
435 829
387 141
316 930
909 946
723 351
639 489
1010 38
58 987
262 158
363 969
315 23
210 488
180 381
237 42
121 729
605 556
535 992
698 851
898 583
774 597
934 389
62 921
427 120
884 689
279 224
634 594
247 845
58 428
202 296
470 323
1 51
880 536
19 554
364 918
113 114
491 24
503 554
945 930
674 805
595 953
5 206
524 253
27 582
681 229
878 127
552 880
179 408
392 198
962 756
92 52
870 584
76 349
114 1021
255 788
802 851
718 808
33 218
37 60
800 718
289 655
845 841
511 0
226 903
199 164
636 291
216 482
875 292
832 989
289 63
754 68
914 448
876 947
666 913
1007 442
607 272
73 428
90 584
429 316
464 628
480 76
919 697
558 771
989 366
736 255
430 466
323 320
914 175
244 556
64 227
999 671
500 48
75 590
633 504
906 73
108 362
149 4
35 707
775 1
50 487
256 480
954 579
800 844
754 20
377 818
248 352
465 748
400 540
314 9
21 196
82 129
558 231
133 594
939 908
595 989
372 851
445 302
406 221
122 136
242 499
954 490
851 395
214 228
935 528
237 956
724 320
62 258
551 195
852 466
80 423
431 452
250 876
754 656
74 876
792 316
352 722
806 179
93 1020
407 5
524 645
961 224
965 1023
482 492
195 311
959 275
734 366
727 985
219 457
617 293
309 386
609 661
84 391
841 178
387 224
183 911
869 120
111 810
120 593
279 315
904 214
590 615
580 293
576 799
750 169
68 35
555 677
697 640
44 514
818 431
738 1001
318 584
97 429
370 217
1023 649
532 903
863 98
494 420
391 46
195 117
216 264
153 771
941 850
387 986
340 181
393 54
158 712
638 256
117 1009
473 116
634 1006
1020 474
80 490
894 472
589 753
329 742
500 247
568 888
209 908
45 602
963 204
290 577
460 408
562 933
524 173
915 520
647 996
1011 517
444 524
582 9
253 912
752 753
135 296
617 344
181 663
946 120
867 213
697 303
621 236
212 121
409 104
642 32
76 629
549 520
129 107
529 382
1019 257
111 130
554 729
474 735
368 397
855 211
610 528
514 207
764 726
328 149
830 970
181 906
575 730
402 704
838 932
62 833
165 174
964 719
903 414
430 247
811 261
458 397
790 972
604 530
674 933
680 481
879 861
363 431
568 766
111 382
674 174
191 839
348 131
535 227
546 965
474 333
203 932
731 993
880 311
499 530
220 155
1011 76
1017 351
507 561
93 618
943 767
792 110
582 116
242 93
343 788
35 817
97 238
725 828
207 581
116 706
862 75
412 855
426 919
392 519
514 311
262 282
421 845
399 663
938 742
427 973
536 525
187 237
329 394
819 445
77 907
782 939
982 170
770 385
66 138
904 580
449 143
862 870
988 237
510 902
980 937
852 492
438 15
729 768
410 524
189 487
407 971
402 366
118 148
751 184
286 631
764 735
774 602
581 738
840 67
617 796
1005 445
264 419
460 993
163 870
494 353
333 901
300 735
243 418
883 994
602 145
602 342
880 352
945 438
67 761
505 684
533 486
105 797
906 565
766 45
412 236
398 745
114 699
457 357
93 316
328 696
462 930
14 318
258 959
756 325
696 238
1009 205
724 90
1002 606
656 745
652 44
981 26
789 71
725 222
429 819
539 757
491 1001
663 505
295 921
441 28
223 113
266 208
319 990
299 297
573 955
18 201
999 1000
227 764
47 953
987 476
748 502
209 215
479 872
720 774
770 137
802 993
251 44
177 570
11 476
867 584
407 886
785 382
862 1012
123 909
941 86
362 665
588 571
880 43
420 577
817 166
714 596
135 965
640 312
511 651
789 355
211 172
217 996
555 55
985 678
964 902
764 302
544 328
874 400
371 270
977 164
436 668
760 571
609 377
883 97
4 648
452 216
821 669
188 352
724 149
6 664
28 770
967 572
74 817
972 445
63 926
609 499
570 346
46 155
723 929
252 727
554 704
943 351
349 108
703 49
257 709
714 285
455 657
857 529
450 806
974 513
708 559
1012 254
905 34
409 604
963 662
308 493
342 227
844 692
335 523
741 593
208 431
878 663
64 712
168 514
494 118
3 178
678 1015
432 559
25 841
140 989
479 448
458 822
675 279
490 1011
802 207
580 1011
639 434
650 703
122 819
194 616
937 197
794 591
189 202
127 214
20 267
179 499
715 638
297 366
917 787
353 695
995 933
682 610
344 309
289 466
104 483
59 17
681 853
609 870
32 736
60 52
1003 240
551 694
878 849
36 771
612 390
442 583
299 101
169 643
410 459
86 514
942 145
531 599
998 116
445 6
852 506
58 831
746 610
501 600
435 538
347 23
928 789
607 203
890 776
847 276
211 933
790 130
54 298
729 28
414 151
35 243
657 93
50 379
703 552
979 114
66 302
138 994
67 745
173 958
497 1020
210 709
929 1001
839 983
275 544
1012 689
695 23
932 328
116 983
707 820
511 662
934 577
964 48
547 8
793 720
966 267
717 152
976 622
582 404
311 570
70 1007
593 1002
311 709
961 1019
505 448
657 416
1 598
464 548
606 234
245 548
501 962
700 453
560 830
220 118
210 531
688 280
514 257
259 826
967 196
821 448
645 454
864 646
171 634
539 416
158 16
354 859
469 914
665 689
9 875
196 697
132 711
955 391
513 898
587 310
322 208
764 163
855 793
468 2
403 1007
418 562
1023 772
397 468
662 38
133 671
913 329
345 21
16 276
412 529
150 1000
839 472
184 580
635 15
349 79
17 752
62 435
290 61
183 687
529 846
725 662
493 615
992 838
636 1008
90 25
514 240
1 329
713 185
909 324
201 234
404 218
987 466
654 253
941 33
659 642
696 129
233 664
967 870
648 34
895 138
274 896
468 987
57 353
288 258
588 692
477 551
134 107
804 662
944 721
696 580
340 368
709 573
8 652
419 656
686 290
795 961
162 239
924 220
592 188
478 156
880 955
707 1015
38 488
653 983
185 325
539 525
693 224
75 701
876 494
334 539
785 105
476 947
344 376
143 936
565 622
69 421
553 776
412 592
240 42
551 426
367 66
951 37
290 2
738 142
497 48
681 258
153 133
181 497
510 325
410 51
947 479
472 476
231 885
44 472
927 595
898 270
661 825
307 951
828 22
70 301
70 751
559 224
885 740
721 371
41 107
422 988
586 894
441 818
755 485
266 658
57 140
929 718
965 212
646 769
234 716
46 305
443 605
529 304
322 226
675 363
334 73
328 920
968 769
714 699
230 980
334 287
96 239
1006 38
451 628
807 686
320 854
991 763
435 496
44 757
722 719
97 32
793 425
953 737
170 643
412 400
600 746
688 696
985 670
734 413
274 518
75 594
348 42
333 783
538 377
517 236
73 614
269 866
15 198
579 185
841 991
585 417
714 249
90 675
919 824
64 169
318 139
763 666
181 73
426 719
450 943
956 523
533 201
365 548
399 944
733 216
912 294
634 602
544 724
253 439
524 318
609 843
457 348
485 639
421 911
334 872
830 266
371 339
467 737
887 866
657 596
59 545
891 693
123 411
393 377
850 917
695 435
736 128
784 198
767 181
85 78
29 916
344 401
231 812
114 95
654 771
691 713
293 558
382 416
969 775
793 796
669 464
207 381
593 991
579 336
149 665
414 178
557 759
579 788
547 693
883 177
441 551
891 734
85 249
126 31
1 920
827 670
360 10
27 953
1002 607
266 127
248 680
305 805
415 885
569 962
554 429
116 995
980 1007
705 41
232 832
72 233
728 899
903 64
910 931
1018 888
514 260
1015 762
940 296
543 332
157 88
270 712
517 386
683 473
369 365
515 602
173 587
835 901
463 715
965 349
622 959
213 112
195 204
874 112
500 393
444 658
481 714
346 999
77 5
448 446
370 963
24 543
527 860
551 362
315 149
297 528
261 493
732 111
605 208
504 25
866 985
739 188
960 816
194 385
239 564
324 263
84 851
99 504
817 650
866 108
799 140
636 36
633 344
147 214
553 651
239 395
613 978
584 549
771 778
934 1010
318 235
249 402
62 349
907 880
999 749
988 775
889 601
811 498
945 959
712 474
586 951
870 175
906 430
725 653
184 635
639 502
870 888
905 933
213 788
789 189
513 753
964 379
330 751
877 252
686 566
726 249
493 572
424 375
1002 125
4 162
761 643
665 607
508 546
516 721
310 281
910 823
11 850
178 341
578 32
593 240
598 296
489 67
868 914
443 847
15 447
1009 776
67 650
360 575
172 876
272 482
134 159
282 145
1009 460
486 563
492 56
804 66
352 269
134 196
159 577
19 175
0 5
951 67
655 287
642 828
140 915
286 274
50 568
419 35
5 905
599 497
961 379
564 289
648 698
486 808
251 505
983 251
510 910
319 142
174 961
970 314
852 232
588 902
801 1007
938 806
888 513
279 826
892 843
91 516
517 577
300 768
59 259
1020 569
146 315
711 320
252 657
634 81
890 198
983 667
181 897
449 45
386 728
871 254
548 963
771 41
516 47
810 575
307 806
121 453
97 832
773 349
466 383
430 332
999 762
263 424
807 650
128 655
904 676
594 651
718 86
699 504
662 1006
286 783
435 383
591 184
732 33
567 139
365 124
529 340
886 792
764 669
418 893
300 299
545 894
950 239
981 625
743 619
607 5
378 18
388 969
202 97
1003 769
893 765
685 755
533 425
401 952
294 701
227 840
572 153
55 529
779 799
124 362
804 502
381 169
447 583
266 426
329 502
771 198
243 432
954 776
857 331
704 128
8 931
968 580
61 1023
85 840
798 209
178 579
711 559
748 135
119 1014
561 448
492 308
646 735
740 576
487 574
907 168
702 916
75 646
472 136
645 558
976 420
767 131
999 455
690 723
590 809
713 127
233 181
436 880
916 152
432 379
726 316
547 404
208 623
26 680
759 672
214 712
68 982
843 43
413 509
766 1003
295 455
106 528
636 542
384 528
695 817
907 397
109 431
802 317
997 789
476 188
477 544
146 296
587 559
806 329
538 77
784 644
605 396
163 990
924 858
783 808
231 892
215 9
185 245
838 158
10 290
346 488
835 492
784 398
27 566
728 565
643 488
186 225
885 349
191 785
183 974
569 414
842 784
424 3
5 238
161 16
528 508
504 339
1000 264
738 4
831 442
569 450
930 755
675 791
80 866
553 263
816 98
678 634
883 78
637 888
316 799
904 844
283 384
160 259
649 898
263 456
316 833
906 222
564 558
1014 645
400 543
908 193
641 562
827 500
640 441
365 956
216 245
777 499
630 937
758 255
811 1022
711 103
831 593
325 371
127 315
1016 528
858 901
721 476
439 524
976 56
965 317
1012 157
563 765
656 169
678 391
424 465
389 111
568 196
704 894
567 832
185 560
336 20
437 33
496 876
557 448
932 499
766 921
656 305
662 289
474 317
680 898
782 45
1009 327
241 689
197 808
497 382
344 833
402 781
866 898
634 400
323 542
899 65
439 531
370 78
820 844
395 476
718 153
521 703
480 762
368 677
547 866
36 891
675 438
649 518
313 259
918 636
801 793
701 217
300 47
295 97
891 690
573 585
843 71
264 300
833 632
977 356
474 1013
224 126
428 873
644 741
108 538
353 909
307 30
102 607
77 397
704 968
63 254
529 907
325 793
183 134
401 136
491 876
126 715
1002 554
564 622
271 672
136 624
557 443
654 660
26 731
33 731
675 97
985 180
1004 286
420 350
299 911
202 425
602 180
979 142
802 226
814 938
850 348
357 480
1008 384
187 17
91 862
114 52
18 94
338 991
257 758
318 557
646 520
982 224
701 938
367 479
140 157
394 991
505 751
447 489
111 635
507 202
473 621
254 492
716 592
459 973
327 777
506 973
274 465
173 975
379 540
430 519
698 824
486 179
552 934
669 663
545 152
866 1018
773 96
486 465
689 946
415 1016
699 921
965 973
362 114
924 741
655 331
237 329
131 723
508 683
633 153
323 154
305 165
149 55
261 635
520 950
557 935
942 233
833 883
182 171
998 83
913 629
414 126
958 545
849 442
205 459
596 528
613 901
693 762
956 954
374 453
881 931
364 799
140 173
659 323
345 633
406 234
238 820
341 185
614 546
644 186
50 234
64 743
996 1020
674 346
449 531
254 814
306 394
987 965
717 308
574 99
542 812
919 902
984 237
64 575
783 708
761 834
942 825
553 915
822 203
237 247
734 491
37 17
982 579
309 533
679 852
730 282
811 794
857 571
479 594
381 397
396 934
288 194
114 526
441 848
1017 479
865 879
480 824
435 789
333 90
617 654
664 324
936 452
94 769
1023 573
340 380
971 736
290 235
930 404
761 347
229 755
826 70
610 282
894 21
48 203
111 665
858 776
989 770
204 60
516 203
633 856
583 580
568 873
816 474
254 553
821 483
284 624
553 895
906 424
916 954
627 4
596 461
780 561
208 984
621 724
163 231
556 746
811 100
595 603
574 849
133 371
308 417
995 862
288 878
262 181
808 889
185 380
327 965
942 535
925 539
235 64
770 791
810 558
891 381
137 441
207 270
812 515
688 784
353 976
638 615
133 422
481 318
803 808
259 721
319 160
236 554
224 1007
321 10
541 188
392 678
629 599
949 417
90 613
177 444
565 815
35 699
214 516
1017 1017
300 253
714 619
413 950
149 638
933 470
648 450
658 16
105 263
615 30
681 706
643 858
126 184
650 161
883 864
678 877
857 978
106 547
574 519
473 723
133 383
170 782
833 828
798 938
68 390
968 749
72 587
583 198
772 209
359 631
49 13
484 906
992 590
429 542
86 903
241 219
262 411
1001 71
216 776
1010 284
142 954
9 214
518 592
412 266
802 771
897 851
785 358
734 753
948 139
271 10
18 512
230 280
924 207
352 116
983 338
400 101
268 409
315 786
1001 727
28 779
475 926
607 236
260 317
989 184
456 236
195 475
748 425
755 648
632 83
764 592
421 140
693 690
549 1009
452 527
712 481
282 163
383 889
399 643
182 364
827 639
600 1022
90 325
423 845
973 32
929 714
624 326
854 293
1016 380
278 445
907 991
926 165
130 285
31 530
928 213
894 731
852 471
730 942
796 129
764 745
161 669
435 785
995 266
55 988
646 333
409 529
300 311
694 431
596 725
961 500
939 831
207 767
278 937
686 50
43 426
796 204
71 207
990 42
473 21
6 95
354 415
624 655
726 295
62 298
1020 1023
798 935
830 1006
679 85
919 341
135 962
767 931
143 838
115 109
880 588
130 887
684 484
278 284
115 1005
579 177
279 576
176 54
487 1007
36 142
68 955
483 203
894 226
111 13
40 226
122 921
814 252
784 474
736 38
759 852
19 314
5 299
890 182
353 354
165 389
496 233
320 980
436 190
182 547
203 223
773 325
120 564
577 904
14 290
942 773
118 962
64 123
237 954
305 590
284 470
979 781
703 275
737 116
466 919
663 669
118 413
995 238
977 548
118 991
838 37
741 956
999 805
56 212
735 361
802 1020
832 757
777 511
8 490
627 474
385 267
120 504
680 91
742 633
639 861
600 454
898 317
386 873
98 442
61 834
804 863
830 612
596 583
99 604
49 727
55 434
994 175
938 650
266 657
259 905
494 859
335 368
153 722
217 251
140 278
61 944
117 891
532 713
450 632
293 499
335 348
934 305
523 848
955 789
481 190
671 975
25 1006
319 178
704 536
430 845
814 491
765 931
359 274
620 809
906 914
285 217
238 195
522 762
19 453
527 501
643 174
452 668
157 772
847 861
284 253
682 75
744 424
1006 79
698 603
889 580
493 150
797 731
345 295
469 364
748 997
865 367
147 294
11 304
42 858
142 326
87 824
401 832
224 384
911 922
987 776
478 456
926 251
546 633
612 270
606 453
637 753
747 649
34 789
483 176
1000 493
379 201
877 266
99 840
19 578
272 945
829 436
169 352
45 781
622 651
210 236
380 958
885 414
723 344
590 815
915 567
285 270
768 138
537 867
979 556
421 227
477 227
663 646
579 708
403 177
335 614
413 716
548 274
106 247
619 697
39 510
240 324
781 1008
462 294
851 417
850 249
645 303
476 284
950 31
993 329
208 304
943 622
1020 467
896 103
715 491
800 754
1002 16
54 759
0 516
29 851
934 879
76 555
158 552
839 84
583 808
414 792
89 333
390 85
801 262
188 492
754 988
222 732
1004 276
467 1004
792 496
832 702
351 908
233 509
437 49
594 1020
857 1008
788 946
317 154
8 94
417 196
586 147
161 808
879 141
60 322
122 853
818 954
531 145
838 765
654 251
814 224
248 647
208 12
570 526
167 578
620 584
774 183
731 935
991 586
53 28
908 175
881 702
105 388
847 943
129 477
171 943
702 419
567 910
431 113
412 598
691 9
158 441
192 889
353 159
451 406
187 335
581 44
13 686
433 860
605 562
314 776
482 1016
171 25
902 603
138 291
177 829
300 336
246 492
201 599
651 653
1005 839
988 562
883 1002
224 292
838 830
855 128
582 313
120 754
338 1023
333 476
290 510
281 590
846 527
58 24
103 709
677 84
524 641
647 384
619 871
676 434
677 507
562 236
820 683
990 134
682 299
610 972
809 891
538 632
395 596
656 498
281 309
582 806
950 205
166 546
53 842
980 730
326 518
966 122
177 932
257 859
207 867
807 1017
735 321
625 106
917 257
