362 757
286 731

362 757
377 759

375 298
372 340

375 298
351 247

375 298
323 301

617 399
625 404

617 399
580 416

741 514
779 470

629 615
636 662

1011 594
969 619

837 141
827 163

837 141
750 60

837 141
865 165

304 929
267 864

159 738
277 761

779 470
741 514

779 470
746 417

779 470
799 483

750 60
837 141

750 60
738 64

944 908
899 829

426 190
392 172

426 190
454 263

392 172
426 190

392 172
368 210

392 172
382 167

282 199
274 220

788 644
707 655

788 644
808 719

957 139
959 146

957 139
961 48

943 550
969 619

943 550
1018 507

539 660
487 683

539 660
496 602

539 660
569 626

40 144
2 222

251 27
409 69

251 27
169 19

738 64
750 60

169 19
251 27

993 328
988 370

993 328
901 295

757 748
808 719

757 748
798 798

757 748
700 750

799 483
779 470

808 719
757 748

808 719
788 644

368 210
392 172

368 210
351 247

909 760
920 774

382 167
392 172

382 167
409 69

959 146
957 139

959 146
919 162

959 146
989 144

812 892
798 798

812 892
823 926

286 731
362 757

286 731
277 761

419 825
377 759

419 825
452 900

367 459
418 481

367 459
372 340

367 459
298 447

969 619
1011 594

969 619
943 550

969 619
940 635

487 683
539 660

487 683
377 759

683 656
636 662

683 656
702 653

702 653
683 656

702 653
707 655

984 435
1018 507

984 435
988 370

377 759
419 825

377 759
487 683

377 759
362 757

919 162
959 146

919 162
865 165

454 263
426 190

372 340
375 298

372 340
367 459

1023 755
961 733

507 958
452 900

901 295
993 328

901 295
800 271

901 295
835 383

827 163
837 141

827 163
800 271

2 222
40 144

2 222
71 229

988 370
993 328

988 370
984 435

681 933
674 817

989 144
959 146

593 648
569 626

593 648
636 662

800 271
827 163

800 271
901 295

800 271
676 285

277 761
159 738

277 761
286 731

277 761
267 864

707 655
788 644

707 655
702 653

496 602
539 660

496 602
385 588

817 951
823 926

865 165
919 162

865 165
837 141

267 864
304 929

267 864
277 761

267 864
18 976

920 774
909 760

920 774
899 829

920 774
961 733

798 798
812 892

798 798
757 748

798 798
899 829

46 601
187 601

46 601
28 573

961 48
957 139

823 926
817 951

823 926
812 892

418 481
367 459

418 481
385 588

835 383
901 295

835 383
746 417

625 404
617 399

625 404
746 417

625 404
625 460

8 402
139 359

676 285
800 271

139 359
8 402

139 359
173 480

139 359
71 229

940 635
969 619

940 635
961 733

961 733
1023 755

961 733
940 635

961 733
920 774

562 802
642 795

899 829
944 908

899 829
920 774

899 829
798 798

642 795
562 802

642 795
674 817

580 416
617 399

580 416
578 379

569 626
593 648

569 626
539 660

1018 507
984 435

1018 507
943 550

674 817
681 933

674 817
642 795

674 817
700 750

409 69
251 27

409 69
382 167

274 220
282 199

274 220
278 277

452 900
507 958

452 900
419 825

452 900
396 993

625 460
625 404

278 277
274 220

278 277
323 301

746 417
779 470

746 417
625 404

746 417
835 383

636 662
629 615

636 662
683 656

636 662
593 648

28 573
46 601

372 591
385 588

351 247
368 210

351 247
375 298

396 993
452 900

18 976
267 864

385 588
418 481

385 588
372 591

385 588
496 602

578 379
580 416

71 229
2 222

71 229
139 359

173 480
139 359

173 480
298 447

173 480
187 601

298 447
173 480

298 447
367 459

700 750
674 817

700 750
757 748

323 301
278 277

323 301
375 298

187 601
46 601

187 601
173 480

