1000
831 66
223 54
602 91
140 32
547 323
714 274
771 544
769 661
207 749
157 645
334 434
669 836
323 752
440 969
406 426
332 213
492 555
268 71
646 408
103 170
731 817
444 478
337 189
116 544
938 273
165 249
707 835
61 7
563 501
976 970
927 284
159 396
839 427
467 462
835 570
632 542
363 52
1021 700
241 113
221 155
386 386
404 69
197 465
76 761
966 29
707 870
313 866
242 129
270 709
591 81
255 199
624 618
251 621
294 492
734 515
647 96
902 28
165 75
493 242
836 436
271 519
282 584
362 524
713 632
209 280
713 464
479 313
58 730
934 352
198 644
868 846
740 746
874 906
821 343
124 634
779 395
129 37
979 491
561 669
99 770
949 813
210 405
102 268
111 13
621 310
657 465
132 374
187 1006
256 1008
325 380
618 81
775 748
118 730
215 680
375 315
426 301
104 637
706 206
905 817
219 502
103 877
967 235
227 130
217 483
115 543
863 733
624 614
457 742
320 673
398 696
988 825
997 68
438 679
274 319
472 494
822 576
347 765
811 574
896 5
33 1011
548 896
720 148
486 154
890 806
827 265
478 791
66 451
859 504
106 109
823 579
603 621
131 950
363 942
500 235
947 533
222 471
405 942
619 891
72 486
674 899
751 128
666 817
580 501
297 686
611 96
241 190
718 372
117 57
291 617
292 214
127 514
686 532
432 281
400 505
767 50
380 494
178 23
287 758
524 584
421 111
681 662
302 375
11 419
432 302
12 724
516 139
214 178
672 646
460 48
127 203
98 508
698 276
531 985
11 31
546 432
143 203
70 445
578 81
864 1010
383 876
710 900
1016 924
54 664
546 514
712 674
718 810
158 392
62 689
353 73
720 899
505 863
78 576
284 656
657 124
642 17
1001 328
917 993
228 971
633 775
462 321
425 156
107 583
548 169
248 901
243 968
777 748
808 855
300 68
488 958
193 106
975 170
435 868
139 663
815 772
414 253
69 839
409 176
398 957
345 646
835 588
591 588
313 375
419 613
443 907
547 636
1014 498
806 425
342 945
64 134
693 479
387 762
294 797
938 693
730 260
315 541
848 906
105 137
257 525
751 701
408 274
313 398
773 96
823 91
17 888
225 711
343 613
449 637
386 364
306 92
624 622
634 448
504 739
586 762
240 313
439 649
587 752
23 336
848 847
428 866
711 653
553 30
242 1002
667 628
342 974
721 966
572 331
391 52
46 977
814 287
266 229
936 853
982 959
166 806
782 594
648 469
223 177
499 466
156 143
70 498
93 791
441 665
98 832
717 145
785 508
432 27
737 344
880 695
279 22
478 38
616 102
507 840
280 1007
282 436
126 352
934 219
120 351
884 218
159 577
363 944
61 795
971 799
115 828
470 395
850 948
433 443
27 940
259 307
923 541
743 25
893 653
244 1013
1005 104
208 140
682 571
61 743
343 8
518 458
836 989
853 663
913 262
82 940
179 341
223 78
882 966
104 751
596 348
741 577
453 949
717 111
496 778
854 839
787 349
274 599
314 103
238 203
366 320
120 545
661 343
623 519
286 727
247 882
52 988
435 505
913 128
616 385
907 446
201 670
795 475
245 85
578 484
289 944
804 409
465 442
752 65
961 14
792 184
896 844
148 307
325 37
436 941
423 319
364 624
989 135
75 210
221 653
694 510
574 475
919 15
917 647
80 854
662 873
15 534
693 163
842 1019
201 254
936 624
573 276
224 538
412 299
748 633
952 419
119 502
894 14
518 787
661 598
617 299
447 632
834 117
796 652
112 997
906 24
597 455
301 821
993 713
96 717
322 24
112 441
527 1006
455 21
769 92
619 363
392 43
995 202
160 767
854 272
740 736
296 313
167 597
110 136
286 206
853 608
231 966
25 758
948 480
779 694
573 374
33 965
417 4
143 577
772 997
849 488
709 122
802 876
719 912
1012 1006
95 841
590 326
783 616
60 708
72 839
378 645
189 411
586 607
415 729
160 163
702 1010
652 387
108 430
239 827
318 227
809 413
45 376
739 828
992 799
512 40
614 890
686 804
277 248
387 693
978 547
856 656
533 484
20 641
914 259
445 209
487 230
622 532
606 338
336 574
113 849
615 728
715 277
508 993
525 895
662 479
418 494
112 952
979 132
569 869
391 1014
54 878
221 677
386 827
1015 723
378 104
548 993
832 239
246 316
208 771
187 870
227 606
341 339
534 296
471 79
141 862
70 196
717 291
873 79
94 864
802 472
968 326
441 777
566 687
69 774
435 257
621 662
863 962
1001 373
234 448
452 375
286 522
571 1003
813 420
59 908
260 861
356 205
164 798
982 730
461 27
480 896
284 77
534 123
15 511
496 249
959 949
625 222
447 172
201 237
593 260
121 853
98 477
34 262
251 1016
992 713
20 448
585 304
526 96
428 541
607 924
791 543
849 392
765 273
564 966
510 133
203 631
987 301
84 1021
563 336
1014 531
25 10
979 610
314 481
706 742
1023 290
643 790
833 468
158 574
741 722
516 227
856 719
858 819
1020 943
816 559
255 806
66 280
816 22
890 107
503 573
849 502
863 468
268 672
937 426
222 654
125 738
882 981
434 716
776 430
635 568
990 890
351 32
146 143
54 13
250 558
586 76
36 425
544 305
73 457
731 295
88 856
9 970
813 443
662 565
874 274
110 840
140 461
872 287
604 927
300 855
461 886
931 497
287 451
802 360
909 510
655 997
342 664
943 132
84 581
697 958
855 807
774 996
244 622
259 849
525 559
680 986
421 587
460 708
14 238
44 923
748 699
896 67
339 815
199 423
373 896
357 204
680 107
176 924
730 435
749 231
994 405
194 391
992 654
75 1007
892 119
906 617
818 779
684 134
570 883
557 943
755 915
124 411
1022 300
312 728
736 37
960 706
443 130
74 411
784 149
394 652
269 277
245 63
32 929
197 602
788 755
522 520
646 646
931 644
946 219
349 658
257 285
341 700
415 415
87 175
564 482
827 833
759 49
897 791
978 70
369 743
825 891
239 447
513 146
68 436
366 417
70 623
702 411
299 93
826 386
268 367
868 71
176 603
120 49
370 75
120 740
818 945
607 33
369 97
179 437
533 545
854 603
144 532
1015 443
625 817
830 893
160 674
964 337
254 61
386 624
136 506
340 954
428 948
987 797
21 142
210 554
688 40
133 832
572 124
252 173
942 58
42 78
732 1006
415 986
43 802
587 179
284 927
109 712
851 72
485 872
215 695
402 903
735 536
711 283
660 963
456 578
1021 498
657 730
481 48
692 524
850 255
704 111
159 813
823 1010
886 285
859 77
980 237
980 692
773 667
975 410
607 408
988 604
906 621
310 363
670 1003
888 496
234 568
607 393
357 407
380 219
692 215
296 648
452 252
316 202
920 268
612 503
676 576
83 558
174 394
922 844
373 786
316 607
330 924
1001 687
307 357
907 999
572 179
623 0
432 940
202 328
184 814
831 860
367 914
394 541
284 292
361 657
54 677
241 384
577 218
48 884
575 955
859 123
110 459
123 542
375 326
870 559
116 677
395 483
568 789
0 852
58 361
486 112
15 727
497 592
945 545
453 496
476 288
619 586
747 742
105 98
44 975
657 161
629 28
644 173
818 645
1 876
1006 487
988 1021
190 461
590 111
1006 19
607 458
307 202
21 31
945 126
129 989
77 787
126 706
815 771
879 609
392 881
461 374
344 426
372 535
887 962
646 870
981 230
304 264
432 325
295 353
451 425
319 529
188 445
211 1003
192 67
589 584
948 26
959 268
452 307
803 316
245 426
162 202
656 466
466 64
792 762
418 219
163 737
748 351
158 960
330 351
3 919
935 951
946 870
195 374
153 999
690 398
401 852
600 33
295 43
97 63
805 515
282 968
228 7
295 387
967 625
738 970
521 649
897 443
496 68
817 649
43 484
24 444
312 624
477 607
667 575
670 448
66 953
392 295
960 687
682 903
289 396
849 810
21 722
229 517
790 22
143 834
506 167
254 819
791 732
402 435
283 49
883 349
1002 252
644 938
939 302
817 204
698 642
1014 720
340 219
213 106
242 356
940 748
523 171
543 291
903 946
726 162
995 585
511 973
837 132
887 753
434 680
957 109
298 948
829 638
143 18
744 385
375 661
110 898
832 653
165 711
575 891
873 546
453 360
495 266
492 358
1019 927
14 953
12 312
877 841
950 1020
859 671
382 210
308 492
85 116
121 250
827 697
118 676
219 571
12 715
837 505
49 833
408 64
762 420
376 615
237 303
611 72
974 993
283 258
461 368
374 583
618 177
256 736
853 475
283 865
166 97
346 216
930 754
280 668
150 656
259 387
959 870
460 909
840 743
143 277
87 517
860 705
694 92
418 523
568 701
365 734
798 711
950 704
442 206
348 592
863 607
980 798
454 416
684 270
135 827
547 222
321 384
927 1015
476 321
515 20
1023 880
755 797
567 681
478 1009
888 826
578 727
410 534
501 864
950 161
110 61
989 657
283 286
17 186
277 494
508 792
514 507
648 245
280 192
927 758
177 791
561 755
494 971
265 995
811 191
133 921
252 98
554 535
384 572
722 661
