240 49
142 327
586 700
223 61
1020 531
720 515
708 649
520 307
717 150
48 38
800 130
732 448
800 99
617 739
236 891
44 476
940 186
803 502
887 2
563 883
534 260
374 218
909 895
526 603
21 574
641 821
705 349
246 481
448 863
197 684
730 241
137 647
428 940
125 291
943 689
150 453
949 524
671 834
395 173
413 416
748 30
214 429
379 460
910 827
299 83
488 6
325 625
653 753
541 778
20 460
443 170
913 368
694 561
179 66
734 592
482 458
623 696
887 1002
132 774
806 432
857 270
438 158
895 67
911 412
845 931
873 265
77 762
633 772
299 812
838 10
381 296
468 1004
993 332
982 101
82 764
533 939
10 971
74 905
14 985
294 860
893 143
101 970
905 734
718 181
523 532
191 904
829 659
884 798
991 842
899 49
583 409
989 593
356 39
475 371
0 769
207 893
912 308
840 793
18 534
974 541
43 141
421 872
801 281
646 768
100 521
818 683
930 783
252 263
822 727
634 822
472 841
692 360
125 508
130 143
18 80
685 61
222 82
933 1023
364 555
767 464
53 561
123 983
320 375
222 118
79 856
941 551
673 609
912 798
93 18
942 111
98 603
173 320
685 82
319 25
638 63
489 691
624 612
650 945
988 873
39 43
705 980
594 355
565 482
129 658
500 47
770 599
650 943
919 312
1 215
337 639
278 827
306 902
415 957
823 379
806 863
422 487
819 1017
842 361
475 972
1019 976
1019 765
551 646
684 446
958 686
661 271
301 939
74 608
818 490
541 617
869 323
456 268
810 252
261 629
613 736
577 608
688 572
350 215
194 10
662 128
696 299
400 998
215 474
582 9
964 99
626 810
422 59
54 208
311 315
837 924
27 390
508 716
963 858
931 133
869 569
262 541
869 662
515 60
112 73
69 53
172 695
863 594
754 917
803 41
208 616
965 235
1007 450
951 946
284 859
55 129
404 317
671 249
979 162
309 68
236 378
121 408
50 984
1003 804
877 782
846 61
374 787
296 357
213 224
279 498
59 335
627 463
652 274
713 608
437 1022
676 673
377 797
57 427
757 36
207 610
818 29
671 169
817 967
526 6
167 806
504 226
117 108
690 769
382 379
353 819
377 5
468 754
802 526
157 535
562 365
121 357
394 792
526 187
736 28
194 903
834 698
106 951
806 796
697 165
151 26
984 528
32 429
259 834
955 416
346 493
781 467
850 152
236 352
339 972
381 533
851 191
208 957
119 1014
729 816
155 880
842 116
385 874
545 644
685 476
36 7
969 818
474 796
970 710
124 285
658 505
819 486
697 3
419 816
1017 125
608 149
1005 426
265 366
277 810
1010 962
262 23
969 207
841 419
1003 787
106 104
48 764
609 867
226 282
870 646
74 864
771 682
1013 752
85 254
95 362
40 81
300 302
104 245
509 945
664 489
708 770
593 757
511 178
600 737
461 447
359 535
287 106
194 276
859 279
530 954
641 570
11 941
872 116
162 357
37 826
846 746
573 415
479 60
594 55
797 31
502 133
566 789
239 760
41 74
15 571
4 656
117 16
573 989
132 735
323 169
538 145
915 87
561 370
147 131
426 944
162 928
53 728
694 293
465 735
367 480
283 372
113 400
388 686
366 520
398 689
689 936
834 581
1023 371
951 146
502 353
66 664
258 120
369 952
413 834
663 780
290 946
128 403
323 516
66 689
12 464
354 702
376 164
259 375
536 186
521 14
540 587
679 798
707 24
726 96
858 365
877 124
288 1005
528 611
498 594
276 510
34 630
188 410
794 447
785 306
634 282
321 150
869 1000
948 553
0 650
649 858
1015 502
982 279
484 486
890 982
56 142
468 90
772 657
500 543
80 261
849 714
543 146
864 389
122 788
942 122
414 567
980 406
46 939
685 530
401 552
488 458
694 956
548 443
589 25
986 670
286 811
360 830
958 201
195 56
989 113
179 380
680 135
786 726
50 447
232 452
999 720
910 670
653 434
89 218
459 51
888 746
862 225
552 796
426 747
853 391
860 8
771 516
143 533
219 194
981 451
646 956
148 532
602 801
966 691
1019 402
742 884
124 581
85 676
353 511
399 182
902 235
190 650
751 334
159 970
528 116
398 150
49 546
682 651
323 624
319 318
2 37
178 126
618 263
802 972
774 177
130 653
412 321
279 140
655 438
86 159
555 484
309 604
6 991
231 329
591 550
648 594
588 826
720 182
66 499
130 840
676 261
469 65
582 748
205 213
163 291
372 718
776 681
298 782
648 529
88 215
56 736
809 644
538 506
826 604
1005 957
421 657
194 890
722 776
615 927
989 778
195 337
472 971
1018 770
729 642
275 817
857 331
529 643
975 44
125 778
648 106
711 45
763 905
936 462
657 527
365 622
281 560
959 753
507 953
499 213
571 774
6 404
82 536
23 33
580 148
811 204
254 498
250 1018
379 162
456 12
689 821
634 970
358 569
699 865
498 174
54 45
948 61
450 6
597 473
40 153
622 851
357 876
326 607
870 705
769 302
718 434
100 328
380 458
898 55
299 372
229 354
418 154
415 868
160 1012
317 200
141 939
28 498
792 354
82 638
35 851
941 753
262 17
58 642
475 956
698 774
304 927
104 722
57 519
566 218
507 884
418 648
799 446
123 567
800 205
182 836
32 99
565 294
116 623
937 591
555 611
341 860
514 446
558 572
965 101
790 449
985 184
73 760
631 196
304 407
401 486
219 434
585 785
728 701
384 641
268 940
228 609
776 743
31 310
291 997
411 57
422 372
241 495
109 872
692 413
256 69
899 475
503 460
236 208
137 621
849 405
537 54
1014 289
797 22
599 64
1019 1011
121 417
359 362
912 468
211 580
881 467
650 756
942 129
192 155
337 329
776 163
734 289
217 725
578 1014
747 153
54 742
140 175
135 500
537 23
968 748
604 826
191 230
558 110
359 751
265 697
56 17
860 791
306 53
492 884
43 215
13 97
957 154
272 68
654 809
91 598
534 695
400 725
925 959
835 261
686 76
958 742
93 794
509 399
847 1001
259 890
192 273
987 125
427 235
193 57
20 285
655 554
980 32
256 882
991 67
119 653
144 53
371 237
847 881
637 670
858 896
536 27
145 499
152 572
734 346
629 754
631 261
285 587
293 541
445 260
608 564
913 752
617 260
990 440
117 603
86 976
475 622
1003 621
97 131
169 831
477 799
562 84
36 847
672 329
364 93
589 972
658 478
701 251
738 667
692 856
246 778
808 721
377 787
318 474
918 488
282 372
263 844
456 299
667 104
628 7
198 193
979 856
671 656
83 385
299 775
217 545
530 1
243 907
788 561
357 683
25 639
31 288
459 487
587 102
592 191
109 790
384 65
622 31
721 705
417 1021
457 634
542 987
636 785
870 400
323 203
59 348
843 90
637 278
578 200
381 146
392 490
936 776
555 534
808 253
215 201
250 672
835 792
635 447
554 481
848 877
685 907
201 504
998 838
782 552
15 139
698 407
630 610
159 161
120 967
414 335
144 664
1008 980
433 619
403 987
77 227
840 762
111 17
242 85
856 0
637 871
140 311
254 770
921 413
931 17
357 322
352 501
986 336
457 395
956 861
358 9
64 174
771 175
192 1013
260 24
1013 897
895 129
184 125
899 81
538 807
98 895
105 451
373 67
787 830
463 719
667 821
728 732
996 475
907 164
464 144
188 454
17 59
583 202
184 459
283 722
242 382
594 347
833 967
414 596
773 877
292 417
675 1020
125 647
472 8
811 936
152 999
366 170
34 950
372 218
385 655
940 627
13 510
974 846
453 364
419 203
218 711
620 893
707 745
516 155
753 303
68 906
278 434
52 312
360 424
530 745
55 446
348 69
957 298
915 386
663 310
589 881
1021 185
750 705
930 242
860 660
545 928
542 823
339 594
111 699
1018 641
421 49
63 769
118 1020
44 10
383 707
320 972
564 318
134 290
1023 40
532 859
700 53
764 218
876 79
812 987
778 806
604 175
856 667
945 974
664 989
984 23
672 281
995 212
599 105
502 598
146 10
433 846
63 173
41 939
252 853
902 7
636 482
182 468
125 103
418 789
68 379
812 740
660 784
952 235
889 430
833 11
440 242
858 503
416 899
418 668
728 296
675 340
778 858
808 904
961 203
669 6
582 458
746 218
218 675
453 83
81 262
95 522
504 953
1 920
828 420
565 532
716 216
873 471
50 657
351 1012
860 1020
1018 418
454 740
636 672
391 65
756 473
327 851
995 832
780 996
728 584
392 269
92 85
486 965
556 536
599 907
524 435
903 518
854 334
235 466
1006 626
532 738
75 859
565 46
667 321
19 372
905 411
641 998
496 103
939 28
640 514
935 140
950 815
659 780
125 894
222 107
496 754
846 572
590 387
618 233
709 637
605 590
25 223
564 521
326 480
550 966
994 461
83 920
252 742
676 377
612 899
485 84
629 307
656 195
694 251
429 379
888 10
970 913
233 510
411 560
990 961
502 961
398 585
857 651
303 510
4 915
385 489
1000 1014
796 632
186 467
883 615
846 748
625 792
637 859
279 24
395 245
985 897
182 360
459 16
1011 762
526 1015
